date,open,high,low,close,volume
2005-01-03,1.149088978767395,1.1703660488128662,1.1322799921035767,1.1455910205841064,1795732.0
2005-01-04,1.1535580158233643,1.161525011062622,1.1357779502868652,1.1357779502868652,1554167.0
2005-01-05,1.1269370317459106,1.1446189880371094,1.0740829706192017,1.1077959537506104,1078756.0
2005-01-06,1.0830210447311401,1.1179980039596558,1.0825350284576416,1.0870050191879272,338005.0
2005-01-07,1.1176090240478516,1.1179980039596558,1.0763169527053833,1.104686975479126,687230.0
2005-01-10,1.1167349815368652,1.1446189880371094,1.110031008720398,1.1184840202331543,270589.0
2005-01-11,1.1118769645690918,1.1171239614486694,1.0647549629211426,1.073207974433899,2095553.0
2005-01-12,1.100314974784851,1.100314974784851,1.055914044380188,1.0657269954681396,1706599.0
2005-01-13,1.0745680332183838,1.100314974784851,1.0484329462051392,1.0763169527053833,536650.0
2005-01-14,1.0736939907073975,1.100314974784851,1.0647549629211426,1.077191948890686,347886.0
2005-01-17,1.0647549629211426,1.0989550352096558,1.0647549629211426,1.077191948890686,6752394.0
2005-01-18,1.1091569662094116,1.1486999988555908,1.0776770114898682,1.1349040269851685,1296340.0
2005-01-19,1.1530719995498657,1.2236089706420898,1.1269370317459106,1.1850370168685913,3778067.0
2005-01-20,1.1801789999008179,1.1801789999008179,1.1304340362548828,1.1331549882888794,619402.0
2005-01-24,1.1623990535736084,1.1623990535736084,1.1269370317459106,1.1291710138320923,1092343.0
2005-01-25,1.1521979570388794,1.1659940481185913,1.1335430145263672,1.1526830196380615,403363.0
2005-01-27,1.1535580158233643,1.1890209913253784,1.1189700365066528,1.1876599788665771,2071777.0
2005-01-28,1.1961129903793335,1.1978620290756226,1.171241044998169,1.1890209913253784,1210912.0
2005-01-31,1.1269370317459106,1.2023309469223022,1.1269370317459106,1.198348045349121,1449801.0
2005-02-01,1.2107839584350586,1.2107839584350586,1.1810539960861206,1.1997079849243164,686509.0
2005-02-02,1.204954981803894,1.2130190134048462,1.1992219686508179,1.2040799856185913,719548.0
2005-02-03,1.2107839584350586,1.222735047340393,1.19883394241333,1.2045660018920898,1059098.0
2005-02-04,1.1978620290756226,1.2071889638900757,1.1978620290756226,1.204954981803894,408509.0
2005-02-07,1.2023309469223022,1.213407039642334,1.19125497341156,1.1978620290756226,1031720.0
2005-02-08,1.2107839584350586,1.2107839584350586,1.1997079849243164,1.2054400444030762,488893.0
2005-02-09,1.2000969648361206,1.2422629594802856,1.1961129903793335,1.204954981803894,2541527.0
2005-02-10,1.2315759658813477,1.2315759658813477,1.1992219686508179,1.2054400444030762,790464.0
2005-02-11,1.2059259414672852,1.276852011680603,1.2045660018920898,1.2476069927215576,1933343.0
2005-02-14,1.2444980144500732,1.276852011680603,1.2422629594802856,1.2511049509048462,984580.0
2005-02-15,1.2613060474395752,1.272868037223816,1.2342959642410278,1.2680100202560425,1299222.0
2005-02-16,1.2733540534973145,1.3221269845962524,1.2733540534973145,1.3034729957580566,2288537.0
2005-02-17,1.2688850164413452,1.2955060005187988,1.2688850164413452,1.2808350324630737,1068258.0
2005-02-18,1.2777260541915894,1.2826809883117676,1.2511049509048462,1.2542140483856201,305069.0
2005-02-21,1.2688850164413452,1.285789966583252,1.252465009689331,1.2564480304718018,594597.0
2005-02-22,1.2737430334091187,1.3567160367965698,1.2533390522003174,1.345639944076538,5434748.0
2005-02-23,1.3651679754257202,1.445032000541687,1.348749041557312,1.4263780117034912,11161804.0
2005-02-24,1.4059749841690063,1.4853529930114746,1.4059749841690063,1.46766996383667,5659022.0
2005-02-25,1.5262559652328491,1.5262559652328491,1.4197709560394287,1.4645609855651855,2075688.0
2005-02-28,1.4215199947357178,1.464074969291687,1.3846969604492188,1.4002419710159302,1620245.0
2005-03-01,1.3314540386199951,1.4197709560394287,1.3314540386199951,1.41355299949646,708535.0
2005-03-02,1.4019910097122192,1.4108330011367798,1.3842109441757202,1.3860570192337036,930853.0
2005-03-03,1.3855719566345215,1.4108330011367798,1.3850860595703125,1.3988820314407349,425080.0
2005-03-04,1.418897032737732,1.418897032737732,1.393537998199463,1.4042259454727173,463368.0
2005-03-07,1.4064610004425049,1.481855034828186,1.4064610004425049,1.436579942703247,1311058.0
2005-03-08,1.401116967201233,1.443282961845398,1.401116967201233,1.4286129474639893,697008.0
2005-03-09,1.4481409788131714,1.464074969291687,1.4050999879837036,1.4237550497055054,1122397.0
2005-03-10,1.4308470487594604,1.4330819845199585,1.4033509492874146,1.4281270503997803,558882.0
2005-03-11,1.436579942703247,1.5164439678192139,1.4024770259857178,1.4911819696426392,3046991.0
2005-03-14,1.5350979566574097,1.5683259963989258,1.4906970262527466,1.5155689716339111,2219063.0
2005-03-15,1.5350979566574097,1.550642967224121,1.4915709495544434,1.5088649988174438,989623.0
2005-03-16,1.5439389944076538,1.5532660484313965,1.5240219831466675,1.528880000114441,1604909.0
2005-03-17,1.5173180103302002,1.5368469953536987,1.4996349811553955,1.513334035873413,438151.0
2005-03-18,1.4738880395889282,1.5022579431533813,1.4512499570846558,1.4707789421081543,588628.0
2005-03-21,1.481855034828186,1.481855034828186,1.4383280277252197,1.441437005996704,222009.0
2005-03-22,1.4552340507507324,1.4552340507507324,1.404615044593811,1.4157880544662476,576894.0
2005-03-23,1.4495019912719727,1.4495019912719727,1.3900409936904907,1.3971329927444458,594700.0
2005-03-24,1.39752197265625,1.4322069883346558,1.39752197265625,1.4268640279769897,205438.0
2005-03-28,1.4197709560394287,1.473013997077942,1.4197709560394287,1.4557199478149414,194219.0
2005-03-29,1.4201600551605225,1.4552340507507324,1.4197709560394287,1.439689040184021,520388.0
2005-03-30,1.4552340507507324,1.508476972579956,1.4374539852142334,1.5022579431533813,560323.0
2005-03-31,1.4996349811553955,1.4996349811553955,1.4738880395889282,1.481855034828186,151402.0
2005-04-01,1.4951659440994263,1.5262559652328491,1.4951659440994263,1.5071159601211548,210481.0
2005-04-04,1.4996349811553955,1.5173180103302002,1.4996349811553955,1.5079909563064575,401407.0
2005-04-05,1.4906970262527466,1.5324749946594238,1.4898220300674438,1.5031330585479736,246917.0
2005-04-06,1.5501569509506226,1.5501569509506226,1.4561079740524292,1.4849640130996704,1453609.0
2005-04-07,1.4996349811553955,1.504492998123169,1.4751509428024292,1.4792319536209106,143477.0
2005-04-08,1.5048819780349731,1.539566993713379,1.4974009990692139,1.5204269886016846,1685911.0
2005-04-11,1.4996349811553955,1.5528780221939087,1.4996349811553955,1.527519941329956,614668.0
2005-04-12,1.5181920528411865,1.606119990348816,1.5178040266036987,1.5869799852371216,1516599.0
2005-04-13,1.5705610513687134,1.614475965499878,1.5528780221939087,1.572795033454895,544576.0
2005-04-15,1.5532660484313965,1.5696860551834106,1.5262559652328491,1.5346120595932007,498877.0
2005-04-18,1.5005099773406982,1.534222960472107,1.4906970262527466,1.492056965827942,2450026.0
2005-04-19,1.5439389944076538,1.5439389944076538,1.4906970262527466,1.5000239610671997,426727.0
2005-04-20,1.4934170246124268,1.5262559652328491,1.4934170246124268,1.5155689716339111,509169.0
2005-04-21,1.508476972579956,1.5661879777908325,1.508476972579956,1.5612330436706543,667159.0
2005-04-22,1.597182035446167,1.6478010416030884,1.5949469804763794,1.6011650562286377,841103.0
2005-04-25,1.64158296585083,1.64158296585083,1.597182035446167,1.6127270460128784,523064.0
2005-04-26,1.6087440252304077,1.64158296585083,1.597182035446167,1.6331299543380737,660778.0
2005-04-27,1.597182035446167,1.6770459413528442,1.597182035446167,1.649549961090088,711726.0
2005-04-28,1.64158296585083,1.659363031387329,1.64158296585083,1.6486760377883911,285205.0
2005-04-29,1.6238030195236206,1.6615010499954224,1.6238030195236206,1.6407090425491333,339961.0
2005-05-02,1.6770459413528442,1.6770459413528442,1.5985419750213623,1.611853003501892,320302.0
2005-05-03,1.606119990348816,1.6460520029067993,1.606119990348816,1.6407090425491333,472837.0
2005-05-04,1.64158296585083,1.64158296585083,1.597182035446167,1.604274034500122,127421.0
2005-05-05,1.64158296585083,1.64158296585083,1.611853003501892,1.6194310188293457,379793.0
2005-05-06,1.6194310188293457,1.7560349702835083,1.6194310188293457,1.717851996421814,3300804.0
2005-05-09,1.7560349702835083,1.7964529991149902,1.7214469909667969,1.7764389514923096,2493049.0
2005-05-10,1.8101530075073242,1.8217140436172485,1.7702209949493408,1.7750780582427979,3177603.0
2005-05-11,1.8189940452575684,1.845615029335022,1.7946070432662964,1.8296810388565063,3134786.0
2005-05-12,1.8625210523605347,1.8633949756622314,1.8279320001602173,1.8425060510635376,1392575.0
2005-05-13,1.8589260578155518,1.879328966140747,1.8146220445632935,1.860285997390747,1704026.0
2005-05-16,1.77469003200531,1.907796025276184,1.77469003200531,1.8607720136642456,1027911.0
2005-05-17,1.8975950479507446,1.8979829549789429,1.8301670551300049,1.8518329858779907,584614.0
2005-05-18,1.8500850200653076,1.8536789417266846,1.8035459518432617,1.8035459518432617,487144.0
2005-05-19,1.8323049545288086,1.8367739915847778,1.777312994003296,1.7817820310592651,1681794.0
2005-05-20,1.7835309505462646,1.839493989944458,1.7835309505462646,1.8194799423217773,549928.0
2005-05-23,1.8075289726257324,1.8536789417266846,1.8013110160827637,1.8101530075073242,196072.0
2005-05-24,1.8021860122680664,1.8429919481277466,1.7942190170288086,1.835898995399475,622696.0
2005-05-25,1.8279320001602173,1.9069219827651978,1.8194799423217773,1.8975950479507446,4045364.0
2005-05-26,1.9254790544509888,1.951225996017456,1.8811750411987305,1.9335429668426514,1245495.0
2005-05-27,1.934417963027954,2.052367925643921,1.930433988571167,2.0400290489196777,3255311.0
2005-05-30,2.0763659477233887,2.1211559772491455,2.014281988143921,2.0417768955230713,2744289.0
2005-05-31,2.023123025894165,2.049743890762329,2.023123025894165,2.0412919521331787,1584221.0
2005-06-01,2.049743890762329,2.085206985473633,2.0239980220794678,2.0466349124908447,323802.0
2005-06-02,2.040903091430664,2.0763659477233887,2.0062179565429688,2.05110502243042,1829286.0
2005-06-03,2.0585858821868896,2.1118290424346924,2.040903091430664,2.0573229789733887,2729673.0
2005-06-06,2.0585858821868896,2.1562299728393555,2.0585858821868896,2.1194069385528564,238271.0
2005-06-07,2.12426495552063,2.2893359661102295,2.12426495552063,2.2604799270629883,3804210.0
2005-06-08,2.304395914077759,2.323925018310547,2.1916921138763428,2.2196741104125977,1356036.0
2005-06-09,2.2183139324188232,2.278649091720581,2.2183139324188232,2.224531888961792,1669134.0
2005-06-10,2.2360939979553223,2.261841058731079,2.2006309032440186,2.2285149097442627,2429956.0
2005-06-13,2.2360939979553223,2.268933057785034,2.1925671100616455,2.244546890258789,1142467.0
2005-06-14,2.2449350357055664,2.2449350357055664,2.2103469371795654,2.2369680404663086,458942.0
2005-06-15,2.2360939979553223,2.315958023071289,2.2360939979553223,2.2635889053344727,946395.0
2005-06-16,2.2715559005737305,2.2715559005737305,2.129607915878296,2.1846001148223877,1260110.0
2005-06-17,2.1384499073028564,2.2183139324188232,2.1384499073028564,2.2081120014190674,942998.0
2005-06-20,2.085206985473633,2.2272520065307617,2.085206985473633,2.2046151161193848,728606.0
2005-06-21,2.2183139324188232,2.257370948791504,2.1828510761260986,2.24406099319458,1463387.0
2005-06-22,2.2449350357055664,2.2804949283599854,2.2449350357055664,2.2666990756988525,4097650.0
2005-06-23,2.201504945755005,2.3150830268859863,2.1916921138763428,2.302647113800049,4532405.0
2005-06-24,2.2804949283599854,2.335486888885498,2.2804949283599854,2.332766056060791,6664084.0
2005-06-27,2.324799060821533,2.378041982650757,2.324799060821533,2.3674519062042236,699169.0
2005-06-28,2.3514199256896973,2.413115978240967,2.342578887939453,2.3993189334869385,2450026.0
2005-06-29,2.351032018661499,2.439250946044922,2.3071160316467285,2.430896043777466,1877146.0
2005-06-30,2.431283950805664,2.5023069381713867,2.431283950805664,2.4872469902038574,3452310.0
2005-07-01,2.5023069381713867,2.551954984664917,2.400193929672241,2.4348790645599365,1225116.0
2005-07-04,2.468592882156372,2.5275681018829346,2.4583919048309326,2.4814178943634033,1070522.0
2005-07-05,2.485013008117676,2.5816850662231445,2.484527111053467,2.565751075744629,2004361.0
2005-07-06,2.52892804145813,2.6366770267486572,2.52892804145813,2.6193830966949463,1092445.0
2005-07-07,2.652221918106079,2.6530959606170654,2.6087920665740967,2.619868040084839,858909.0
2005-07-08,2.6620349884033203,2.6620349884033203,2.58304500579834,2.6252119541168213,720475.0
2005-07-11,2.6620349884033203,2.749866008758545,2.6530959606170654,2.713042974472046,1267315.0
2005-07-12,2.7507400512695312,2.7507400512695312,2.662424087524414,2.732572078704834,917164.0
2005-07-13,2.7316970825195312,2.759582042694092,2.679718017578125,2.747144937515259,817944.0
2005-07-14,2.7502551078796387,2.7502551078796387,2.7249929904937744,2.726353883743286,284793.0
2005-07-15,2.768033981323242,2.786202907562256,2.7156660556793213,2.7657999992370605,773378.0
2005-07-18,2.6841869354248047,2.7329599857330322,2.557784080505371,2.711293935775757,3483599.0
2005-07-19,2.706338882446289,2.706338882446289,2.6202569007873535,2.6615490913391113,418801.0
2005-07-20,2.6278350353240967,2.679718017578125,2.5555500984191895,2.6491129398345947,1249921.0
2005-07-21,2.599853992462158,2.679718017578125,2.599853992462158,2.6229770183563232,1239731.0
2005-07-22,2.6176340579986572,2.6886560916900635,2.6176340579986572,2.6620349884033203,763909.0
2005-07-25,2.6530959606170654,2.6708760261535645,2.6447410583496094,2.661160945892334,1201649.0
2005-07-26,2.6425058841705322,2.715277910232544,2.63716197013855,2.7072129249572754,1628993.0
2005-07-27,2.6713619232177734,2.687295913696289,2.6620349884033203,2.6620349884033203,145844.0
2005-07-28,291.474365234375,291.474365234375,291.474365234375,291.474365234375,0.0
2005-07-29,2.6766090393066406,2.722369909286499,2.600339889526367,2.6646580696105957,384013.0
2005-08-01,2.5914978981018066,2.715277910232544,2.5914978981018066,2.6979830265045166,586260.0
2005-08-02,2.6646580696105957,2.6708760261535645,2.6530959606170654,2.6593151092529297,503406.0
2005-08-03,2.6620349884033203,2.759582042694092,2.6593151092529297,2.747144937515259,1136703.0
2005-08-04,2.759582042694092,2.8084518909454346,2.7507400512695312,2.796015977859497,698449.0
2005-08-05,2.812824010848999,2.8572258949279785,2.7951419353485107,2.816807985305786,631033.0
2005-08-08,2.7951419353485107,2.8283700942993164,2.7951419353485107,2.795530080795288,767923.0
2005-08-09,2.777362108230591,2.812436103820801,2.7685201168060303,2.797278881072998,425389.0
2005-08-10,2.769395112991333,2.8359479904174805,2.769395112991333,2.815058946609497,181045.0
2005-08-11,2.769395112991333,2.823025941848755,2.769395112991333,2.8110759258270264,170855.0
2005-08-12,2.7906720638275146,2.8292438983917236,2.7906720638275146,2.817779064178467,602008.0
2005-08-16,2.799514055252075,2.803982973098755,2.778722047805786,2.782219886779785,258341.0
2005-08-17,2.794266939163208,2.8084518909454346,2.7685201168060303,2.7932960987091064,1161508.0
2005-08-18,2.760456085205078,2.7728919982910156,2.726353883743286,2.751615047454834,1092034.0
2005-08-19,2.716541051864624,2.8119499683380127,2.716541051864624,2.795530080795288,824532.0
2005-08-22,2.759582042694092,2.830604076385498,2.7507400512695312,2.799999952316284,821032.0
2005-08-23,2.741899013519287,2.786202907562256,2.6620349884033203,2.751615047454834,1332467.0
2005-08-24,2.6886560916900635,2.706338882446289,2.6775801181793213,2.6948740482330322,287366.0
2005-08-25,2.6672821044921875,2.706338882446289,2.6629090309143066,2.687782049179077,287263.0
2005-08-26,2.741413116455078,2.741413116455078,2.697498083114624,2.6979830265045166,188043.0
2005-08-29,2.5732319355010986,2.6983718872070312,2.5732319355010986,2.670391082763672,440210.0
2005-08-30,2.6629090309143066,2.7329599857330322,2.6264750957489014,2.7032299041748047,1012884.0
2005-08-31,2.679718017578125,2.715277910232544,2.6620349884033203,2.7019670009613037,388850.0
2005-09-01,2.6620349884033203,2.6886560916900635,2.6530959606170654,2.6575660705566406,385145.0
2005-09-02,2.6708760261535645,2.7232449054718018,2.6442549228668213,2.674470901489258,234977.0
2005-09-05,2.7329599857330322,2.7329599857330322,2.6632978916168213,2.6672821044921875,188867.0
2005-09-06,2.6708760261535645,2.6708760261535645,2.6176340579986572,2.6229770183563232,284484.0
2005-09-08,2.5005578994750977,2.6167590618133545,2.5005578994750977,2.541364908218384,215010.0
2005-09-09,2.49385404586792,2.52892804145813,2.4756860733032227,2.511634111404419,692170.0
2005-09-12,2.5732319355010986,2.5732319355010986,2.493367910385132,2.5240700244903564,339343.0
2005-09-13,2.5466110706329346,2.5732319355010986,2.485013008117676,2.56128191947937,1656577.0
2005-09-14,2.52892804145813,2.6397860050201416,2.52892804145813,2.6150100231170654,536445.0
2005-09-15,2.6087920665740967,2.697498083114624,2.6087920665740967,2.658926010131836,672820.0
2005-09-16,2.679718017578125,2.8572258949279785,2.6620349884033203,2.8186540603637695,2134458.0
2005-09-19,2.873159885406494,3.3274710178375244,2.8572258949279785,3.1172211170196533,4856619.0
2005-09-20,3.2387659549713135,3.6203060150146484,3.2387659549713135,3.3736209869384766,15954610.0
2005-09-21,3.3718719482421875,3.3718719482421875,3.0373570919036865,3.2556710243225098,3515506.0
2005-09-22,3.105659008026123,3.194849967956543,2.932231903076172,2.9570069313049316,2946125.0
2005-09-23,2.9370899200439453,3.09633207321167,2.751615047454834,2.9543840885162354,1392060.0
2005-09-26,3.016953945159912,3.2387659549713135,3.016953945159912,3.207674980163574,1358507.0
2005-09-27,3.229923963546753,3.3896520137786865,3.223220109939575,3.2849159240722656,1877249.0
2005-09-28,3.3274710178375244,3.3713860511779785,3.132280111312866,3.1841630935668945,736840.0
2005-09-29,3.150934934616089,3.194364070892334,3.105659008026123,3.183773994445801,890198.0
2005-09-30,3.07903790473938,3.2653870582580566,3.053776979446411,3.229438066482544,584408.0
2005-10-03,3.1398589611053467,3.2538249492645264,3.123439073562622,3.2010679244995117,253092.0
2005-10-04,3.274228096008301,3.4358019828796387,3.194364070892334,3.406071901321411,2163792.0
2005-10-05,3.407335042953491,3.407335042953491,3.2920079231262207,3.3163950443267822,361884.0
2005-10-06,3.3274710178375244,3.3274710178375244,3.203303098678589,3.224581003189087,718004.0
2005-10-07,3.21787691116333,3.547144889831543,3.21787691116333,3.547144889831543,5336661.0
2005-10-10,3.7205729484558105,3.7259159088134766,3.5094480514526367,3.551129102706909,7883231.0
2005-10-11,3.57415509223938,3.5893120765686035,3.3896520137786865,3.5271310806274414,1119926.0
2005-10-13,3.504492998123169,3.7001700401306152,3.504492998123169,3.626523971557617,4850340.0
2005-10-14,3.6797659397125244,3.6797659397125244,3.2640271186828613,3.2640271186828613,2523721.0
2005-10-17,3.194364070892334,3.194364070892334,2.9379639625549316,2.9379639625549316,4461592.0
2005-10-18,2.9725520610809326,3.232158899307251,2.9286370277404785,3.106144905090332,7723594.0
2005-10-19,3.105659008026123,3.105659008026123,2.8750059604644775,2.8883159160614014,1826609.0
2005-10-20,3.05999493598938,3.05999493598938,2.679718017578125,2.743648052215576,1230262.0
2005-10-21,2.786202907562256,2.8572258949279785,2.7094480991363525,2.788438081741333,854483.0
2005-10-24,2.803982973098755,2.8660669326782227,2.782219886779785,2.8070919513702393,3386644.0
2005-10-25,2.724118947982788,2.848383903503418,2.724118947982788,2.776487112045288,112188.0
2005-10-26,2.8651928901672363,2.8651928901672363,2.787076950073242,2.8088409900665283,357458.0
2005-10-27,2.803982973098755,2.8572258949279785,2.786202907562256,2.8199169635772705,494863.0
2005-10-28,2.794266939163208,2.7986390590667725,2.679718017578125,2.689044952392578,959055.0
2005-10-31,2.706338882446289,2.710808038711548,2.5732319355010986,2.603837013244629,122377.0
2005-11-02,2.6442549228668213,2.679718017578125,2.575078010559082,2.6269609928131104,91500.0
2005-11-04,2.6269609928131104,2.6269609928131104,2.6269609928131104,2.6269609928131104,0.0
2005-11-07,2.697498083114624,2.7583189010620117,2.6620349884033203,2.7583189010620117,207496.0
2005-11-08,2.838571071624756,2.896282911300659,2.838571071624756,2.896282911300659,348401.0
2005-11-09,3.034734010696411,3.0413401126861572,2.910468101501465,2.9459309577941895,2242324.0
2005-11-10,2.9903318881988525,3.0613551139831543,2.905998945236206,2.9374780654907227,695670.0
2005-11-11,2.9725520610809326,3.0081119537353516,2.904736042022705,2.922029972076416,558882.0
2005-11-14,2.884721040725708,2.9987850189208984,2.8660669326782227,2.9672091007232666,1387943.0
2005-11-16,2.9725520610809326,3.0081119537353516,2.8572258949279785,2.9028899669647217,1595028.0
2005-11-17,2.9903318881988525,2.999174118041992,2.8750059604644775,2.8900649547576904,1013296.0
2005-11-18,2.910468101501465,2.979645013809204,2.8572258949279785,2.943308115005493,1540890.0
2005-11-21,2.8838469982147217,2.9446680545806885,2.8838469982147217,2.9175610542297363,300438.0
2005-11-22,2.9282479286193848,2.9282479286193848,2.8855960369110107,2.905998945236206,500215.0
2005-11-23,2.959242105484009,3.034734010696411,2.9193100929260254,3.032499074935913,1608408.0
2005-11-24,3.0257949829101562,3.1841630935668945,3.0257949829101562,3.107408046722412,2990177.0
2005-11-25,3.132280111312866,3.2556710243225098,3.0613551139831543,3.07728910446167,1026471.0
2005-11-28,3.016953945159912,3.216614007949829,3.016953945159912,3.2090349197387695,1276270.0
2005-11-29,3.123439073562622,3.2117559909820557,3.123439073562622,3.1549179553985596,751146.0
2005-11-30,3.194849967956543,3.203303098678589,3.151808977127075,3.16375994682312,667056.0
2005-12-01,3.1589019298553467,3.3222239017486572,3.133641004562378,3.3222239017486572,2917512.0
2005-12-02,3.3896520137786865,3.4885590076446533,3.3896520137786865,3.4885590076446533,3227110.0
2005-12-05,3.631866931915283,3.663347005844116,3.487199068069458,3.4939029216766357,4394691.0
2005-12-06,3.4601891040802,3.504978895187378,3.3896520137786865,3.4384260177612305,8436762.0
2005-12-07,3.4091811180114746,3.478358030319214,3.4091811180114746,3.4624240398406982,1904112.0
2005-12-08,3.4601891040802,3.6358509063720703,3.4432830810546875,3.6353650093078613,10282722.0
2005-12-09,3.655864953994751,3.7445709705352783,3.5497689247131348,3.623025894165039,4725904.0
2005-12-12,3.655864953994751,3.857274055480957,3.6469271183013916,3.768083095550537,12981621.0
2005-12-13,3.8510560989379883,3.886518955230713,3.788875102996826,3.865241050720215,5300431.0
2005-12-14,3.8598968982696533,4.037405014038086,3.8598968982696533,3.995626926422119,8055939.0
2005-12-15,3.93976092338562,4.063540935516357,3.93976092338562,4.015155792236328,3271471.0
2005-12-16,4.027592182159424,4.0462470054626465,3.886518955230713,3.9623990058898926,6785639.0
2005-12-19,4.064026832580566,4.15807580947876,4.037405014038086,4.136797904968262,4983319.0
2005-12-20,4.168665885925293,4.229001045227051,4.038668155670166,4.062665939331055,2927495.0
2005-12-21,4.092397212982178,4.152731895446777,4.0462470054626465,4.129705905914307,3055843.0
2005-12-22,4.04177713394165,4.126111030578613,4.04177713394165,4.082194805145264,279029.0
2005-12-23,4.090648174285889,4.090648174285889,3.9486029148101807,3.99698805809021,2216592.0
2005-12-26,3.780034065246582,3.930919885635376,3.7711920738220215,3.7791590690612793,734369.0
2005-12-27,3.9486029148101807,3.9486029148101807,3.780034065246582,3.849307060241699,941866.0
2005-12-28,3.903812885284424,3.903812885284424,3.7809081077575684,3.8190910816192627,1493956.0
2005-12-29,3.81996488571167,3.8621320724487305,3.788875102996826,3.858536958694458,861276.0
2005-12-30,3.8332760334014893,3.975224018096924,3.8173420429229736,3.9219820499420166,2000553.0
2006-01-02,3.860771894454956,4.008937835693359,3.8332760334014893,3.993489980697632,1922433.0
2006-01-03,4.037405014038086,4.037405014038086,3.904299020767212,3.956666946411133,2009301.0
2006-01-04,3.914889097213745,3.993004083633423,3.914889097213745,3.94287109375,1519378.0
2006-01-05,3.9921300411224365,4.010784149169922,3.9011900424957275,3.914015054702759,717798.0
2006-01-06,3.988534927368164,4.001457214355469,3.886518955230713,3.894097089767456,1897937.0
2006-01-09,3.904299020767212,3.9646339416503906,3.8164680004119873,3.8626179695129395,1012679.0
2006-01-10,3.894972085952759,3.894972085952759,3.6824870109558105,3.7050271034240723,1729551.0
2006-01-12,3.904299020767212,3.904299020767212,3.576000928878784,3.7459309101104736,2379831.0
2006-01-13,3.7711920738220215,4.080834865570068,3.567063093185425,3.9255759716033936,9459630.0
2006-01-16,3.7303860187530518,4.0728678703308105,3.7303860187530518,3.995239019393921,1451757.0
2006-01-17,3.993004083633423,4.081708908081055,3.9863970279693604,4.075102806091309,3558426.0
2006-01-18,3.9907689094543457,4.071993827819824,3.93976092338562,3.9961130619049072,5906659.0
2006-01-19,3.8510560989379883,4.0462470054626465,3.8510560989379883,4.040029048919678,831325.0
2006-01-20,4.080834865570068,4.080834865570068,3.993004083633423,4.030701160430908,1006915.0
2006-01-23,4.028467178344727,4.044497966766357,3.993004083633423,4.0289530754089355,1258361.0
2006-01-24,4.015155792236328,4.099489212036133,4.015155792236328,4.020986080169678,1003107.0
2006-01-25,4.019625186920166,4.058682918548584,4.010784149169922,4.035171031951904,1627038.0
2006-01-27,4.028467178344727,4.241436958312988,3.993004083633423,4.185085773468018,2940258.0
2006-01-30,4.091522216796875,4.603933811187744,4.091522216796875,4.603448867797852,6758981.0
2006-01-31,4.835073947906494,4.835073947906494,4.516491889953613,4.554286956787109,1622200.0
2006-02-01,4.241436958312988,4.569735050201416,4.167791843414307,4.533883094787598,2737805.0
2006-02-02,4.627447128295898,4.627447128295898,4.365703105926514,4.448190212249756,636591.0
2006-02-03,4.446927070617676,4.5298027992248535,4.446927070617676,4.472577095031738,443297.0
2006-02-06,4.4455671310424805,4.591497898101807,4.4455671310424805,4.481029033660889,275633.0
2006-02-07,4.5608930587768555,4.702840805053711,4.512119770050049,4.5879998207092285,812901.0
2006-02-08,4.276997089385986,4.611513137817383,4.276997089385986,4.465095043182373,298276.0
2006-02-10,4.52494478225708,4.569735050201416,4.463249206542969,4.5161027908325195,279235.0
2006-02-13,4.463735103607178,4.631916046142578,4.463735103607178,4.591983795166016,559397.0
2006-02-14,4.569735050201416,4.631916046142578,4.547583103179932,4.571094989776611,540150.0
2006-02-15,4.534272193908691,4.923779010772705,4.534272193908691,4.853241920471191,1781528.0
2006-02-16,4.8798627853393555,5.067573070526123,4.7472429275512695,4.837793827056885,1957427.0
2006-02-17,4.720621109008789,4.791644096374512,4.678065776824951,4.721107006072998,539532.0
2006-02-20,4.526693820953369,4.8798627853393555,4.526693820953369,4.8417768478393555,299408.0
2006-02-21,4.738400936126709,4.894145965576172,4.738400936126709,4.8608198165893555,816195.0
2006-02-22,5.040077209472656,5.040077209472656,4.881224155426025,4.919406890869141,967700.0
2006-02-23,5.013455867767334,5.102160930633545,4.942432880401611,4.967306137084961,736016.0
2006-02-24,5.013455867767334,5.070682048797607,4.924750804901123,4.988583087921143,1283063.0
2006-02-27,5.057857036590576,5.063589096069336,4.96905517578125,5.0343451499938965,822988.0
2006-02-28,5.013455867767334,5.013455867767334,4.618605136871338,4.881224155426025,671585.0
2006-03-01,4.800485134124756,4.9775071144104,4.7472429275512695,4.840902805328369,1133204.0
2006-03-02,4.889191150665283,5.173183917999268,4.880349159240723,5.10080099105835,11664387.0
2006-03-03,5.102160930633545,5.102160930633545,5.044547080993652,5.101772785186768,430535.0
2006-03-06,5.093319892883301,5.190866947174072,5.093319892883301,5.13412618637085,670556.0
2006-03-07,5.1465630531311035,5.17979097366333,5.102160930633545,5.162981986999512,460589.0
2006-03-08,5.084867000579834,5.1904778480529785,5.084867000579834,5.119067192077637,467588.0
2006-03-09,5.1460771560668945,5.1460771560668945,4.894534111022949,5.057857036590576,337594.0
2006-03-10,4.711780071258545,5.154529094696045,4.653193950653076,5.1252851486206055,1041909.0
2006-03-13,5.077775001525879,5.1465630531311035,4.96905517578125,4.996161937713623,1256302.0
2006-03-14,4.899392127990723,4.933591842651367,4.848869800567627,4.875006198883057,251960.0
2006-03-16,4.8715081214904785,4.880349159240723,4.7472429275512695,4.773863792419434,234874.0
2006-03-17,4.485887050628662,4.791644096374512,4.485887050628662,4.639008045196533,815886.0
2006-03-20,4.649599075317383,4.658536911010742,4.525431156158447,4.544474124908447,186808.0
2006-03-21,4.6137471199035645,4.6137471199035645,4.43672513961792,4.454894065856934,742089.0
2006-03-22,4.43672513961792,4.66650390625,4.418944835662842,4.574203968048096,913562.0
2006-03-23,4.693999767303467,4.7729902267456055,4.573814868927002,4.640757083892822,255871.0
2006-03-24,4.835073947906494,5.040077209472656,4.489871025085449,4.968666076660156,1053128.0
2006-03-27,4.933591842651367,5.001504898071289,4.633179187774658,4.851105213165283,610345.0
2006-03-28,4.597328186035156,4.924750804901123,4.59635591506958,4.794753074645996,522241.0
2006-03-29,4.782704830169678,4.96905517578125,4.7472429275512695,4.791644096374512,1214617.0
2006-03-30,4.791644096374512,4.8359479904174805,4.670001983642578,4.71042013168335,202453.0
2006-03-31,4.685159206390381,4.951372146606445,4.614622116088867,4.749476909637451,421374.0
2006-04-03,4.658536911010742,4.756083965301514,4.649599075317383,4.724605083465576,453075.0
2006-04-04,4.744133949279785,4.96905517578125,4.649599075317383,4.921640872955322,1219352.0
2006-04-05,4.924750804901123,4.951372146606445,4.7472429275512695,4.828855037689209,812901.0
2006-04-07,4.6154961585998535,4.867039203643799,4.614136219024658,4.646975040435791,765041.0
2006-04-10,4.658536911010742,4.791644096374512,4.615009784698486,4.740149974822998,965642.0
2006-04-12,4.614136219024658,4.898128986358643,4.614136219024658,4.744133949279785,831736.0
2006-04-13,4.6372599601745605,4.7379150390625,4.418944835662842,4.598590850830078,648427.0
2006-04-17,4.605295181274414,4.702840805053711,4.427786827087402,4.468593120574951,565264.0
2006-04-18,4.449938774108887,4.614136219024658,4.449938774108887,4.585279941558838,431976.0
2006-04-19,4.933591842651367,4.933591842651367,4.525431156158447,4.531163215637207,940940.0
2006-04-20,4.5431132316589355,4.658536911010742,4.4721879959106445,4.507262229919434,374647.0
2006-04-21,4.5298027992248535,4.631916046142578,4.441096782684326,4.564877033233643,937852.0
2006-04-24,4.5431132316589355,4.6137471199035645,4.454408168792725,4.556035041809082,455340.0
2006-04-25,4.481029033660889,4.525431156158447,4.43672513961792,4.465484142303467,287057.0
2006-04-26,4.5608930587768555,4.5608930587768555,4.401165008544922,4.429535865783691,561044.0
2006-04-27,4.485013008117676,4.485013008117676,4.339080810546875,4.349283218383789,410361.0
2006-04-28,4.3479228019714355,4.365703105926514,4.214816093444824,4.256982803344727,477880.0
2006-05-02,4.3479228019714355,4.43672513961792,4.259216785430908,4.297400951385498,261223.0
2006-05-03,4.434004783630371,4.462861061096191,4.3479228019714355,4.440709114074707,452561.0
2006-05-04,4.43672513961792,4.791644096374512,4.401165008544922,4.6820502281188965,924060.0
2006-05-05,4.667378902435303,4.781830787658691,4.667378902435303,4.67981481552124,770496.0
2006-05-08,4.5626420974731445,4.693999767303467,4.454408168792725,4.5418500900268555,630518.0
2006-05-09,4.499683856964111,4.5431132316589355,4.483263969421387,4.525431156158447,319685.0
2006-05-10,4.644741058349609,4.644741058349609,4.474422931671143,4.4912309646606445,57020.0
2006-05-11,4.481029033660889,4.525431156158447,4.430020809173584,4.433129787445068,531710.0
2006-05-12,4.525431156158447,4.525431156158447,4.356861114501953,4.4198198318481445,241359.0
2006-05-15,4.427786827087402,4.427786827087402,4.12125301361084,4.295555114746094,734266.0
2006-05-16,4.43575382232666,4.43672513961792,4.000096797943115,4.201505184173584,552913.0
2006-05-17,4.259216785430908,4.352392196655273,4.259216785430908,4.342189788818359,1544801.0
2006-05-18,4.3479228019714355,4.3479228019714355,3.975224018096924,4.031576156616211,3053270.0
2006-05-19,3.975224018096924,3.9925179481506348,3.6913280487060547,3.906048059463501,3622651.0
2006-05-22,3.655864953994751,3.904299020767212,3.655864953994751,3.8643670082092285,1259699.0
2006-05-23,3.567936897277832,4.1615729331970215,3.567936897277832,3.9051730632781982,868172.0
2006-05-24,3.8154959678649902,3.904299020767212,3.655864953994751,3.6992950439453125,154799.0
2006-05-25,3.4301669597625732,4.5450568199157715,3.4301669597625732,4.501821041107178,885360.0
2006-05-26,4.259216785430908,4.259216785430908,3.8603830337524414,3.951711893081665,330800.0
2006-05-29,4.339080810546875,4.339080810546875,3.914889097213745,4.207334995269775,498259.0
2006-05-30,4.3479228019714355,4.3479228019714355,4.05110502243042,4.2614521980285645,253092.0
2006-05-31,4.259216785430908,4.259216785430908,3.9486029148101807,4.024095058441162,948865.0
2006-06-01,3.868738889694214,4.01875114440918,3.7711920738220215,3.7813940048217773,161489.0
2006-06-02,3.7534120082855225,3.904299020767212,3.461452007293701,3.8363850116729736,336667.0
2006-06-05,3.975224018096924,3.9841630458831787,3.7001700401306152,3.7081360816955566,31597.0
2006-06-06,3.6913280487060547,3.6913280487060547,3.3736209869384766,3.4530959129333496,50433.0
2006-06-07,3.513819932937622,3.638084888458252,2.7685201168060303,3.088365077972412,672923.0
2006-06-08,3.0524160861968994,3.0613551139831543,2.4712159633636475,2.6482388973236084,1765678.0
2006-06-09,2.5737180709838867,3.1633710861206055,2.5732319355010986,3.003156900405884,609933.0
2006-06-12,2.8935630321502686,2.8935630321502686,2.6620349884033203,2.7205240726470947,284175.0
2006-06-13,2.6620349884033203,2.9637110233306885,2.484527111053467,2.662424087524414,679407.0
2006-06-14,2.6530959606170654,2.8567399978637695,2.484527111053467,2.5710949897766113,160563.0
2006-06-15,2.679718017578125,2.786202907562256,2.5918869972229004,2.7445220947265625,298070.0
2006-06-16,2.8838469982147217,3.0613551139831543,2.6620349884033203,2.858099937438965,245476.0
2006-06-19,3.016953945159912,3.4299728870391846,2.7951419353485107,3.4016029834747314,2014242.0
2006-06-20,3.504978895187378,3.9486029148101807,3.284040927886963,3.5404419898986816,2892089.0
2006-06-21,3.522758960723877,3.638084888458252,3.4517359733581543,3.516541004180908,357870.0
2006-06-22,3.54938006401062,3.6203060150146484,3.3364100456237793,3.476996898651123,156754.0
2006-06-23,3.32436203956604,3.394023895263672,3.260917901992798,3.295991897583008,190925.0
2006-06-26,3.6913280487060547,3.6913280487060547,3.2565460205078125,3.296865940093994,118878.0
2006-06-27,3.186397075653076,3.30531907081604,2.9734270572662354,3.1247990131378174,384939.0
2006-06-28,3.0178279876708984,3.2476069927215576,2.9459309577941895,3.1491858959198,99116.0
2006-06-29,3.2476069927215576,3.5848429203033447,3.2476069927215576,3.500994920730591,3436151.0
2006-06-30,3.6797659397125244,3.7267909049987793,3.5449109077453613,3.65761399269104,6119920.0
2006-07-03,3.6824870109558105,3.6824870109558105,3.54938006401062,3.5537519454956055,177648.0
2006-07-04,3.6735479831695557,3.6824870109558105,3.54938006401062,3.54938006401062,95411.0
2006-07-05,3.54938006401062,3.7179489135742188,3.54938006401062,3.6726739406585693,191440.0
2006-07-06,3.629244089126587,3.638084888458252,3.5777499675750732,3.585231065750122,15747.0
2006-07-07,3.593683958053589,3.593683958053589,3.3825600147247314,3.51430606842041,153769.0
2006-07-10,3.54938006401062,3.54938006401062,3.386056900024414,3.3887779712677,73282.0
2006-07-11,3.4002420902252197,3.4162731170654297,3.2831668853759766,3.324847936630249,448032.0
2006-07-12,3.3274710178375244,3.407335042953491,3.212143898010254,3.2614030838012695,225096.0
2006-07-13,3.3718719482421875,3.4517359733581543,3.296478033065796,3.3452510833740234,319376.0
2006-07-14,3.4420199394226074,3.4695160388946533,3.3274710178375244,3.3931500911712646,528622.0
2006-07-17,3.18552303314209,3.3274710178375244,3.159775972366333,3.2454700469970703,5533248.0
2006-07-18,3.407335042953491,3.407335042953491,3.241389036178589,3.32309889793396,3298437.0
2006-07-19,3.3452510833740234,3.3452510833740234,3.195336103439331,3.221956968307495,127524.0
2006-07-20,3.203303098678589,3.30531907081604,3.194364070892334,3.2374050617218018,65151.0
2006-07-21,3.2565460205078125,3.2565460205078125,3.0568859577178955,3.1052699089050293,176722.0
2006-07-24,3.0356080532073975,3.096817970275879,3.0356080532073975,3.0905990600585938,24393.0
2006-07-25,3.2272040843963623,3.4069459438323975,3.2205970287323,3.3061931133270264,440004.0
2006-07-26,3.3097879886627197,3.3364100456237793,3.212630033493042,3.276463031768799,180118.0
2006-07-27,3.2831668853759766,3.3718719482421875,3.2831668853759766,3.3435020446777344,417052.0
2006-07-28,3.133155107498169,3.504978895187378,3.133155107498169,3.477483034133911,632371.0
2006-07-31,3.460577964782715,3.638084888458252,3.460577964782715,3.5653140544891357,683524.0
2006-08-01,3.567063093185425,3.567063093185425,3.460577964782715,3.514694929122925,80384.0
2006-08-02,3.540052890777588,3.54938006401062,3.4517359733581543,3.4707789421081543,137096.0
2006-08-03,3.471653938293457,3.471653938293457,3.3909149169921875,3.3914010524749756,104674.0
2006-08-04,3.4251151084899902,3.460577964782715,3.394023895263672,3.4206459522247314,54961.0
2006-08-07,3.4565939903259277,3.460577964782715,3.380713939666748,3.396259069442749,118878.0
2006-08-08,3.4339559078216553,3.4339559078216553,3.2831668853759766,3.3656539916992188,177648.0
2006-08-09,3.411803960800171,3.411803960800171,3.367403030395508,3.3838229179382324,43125.0
2006-08-10,3.450861930847168,3.450861930847168,3.3630309104919434,3.370512008666992,146668.0
2006-08-11,3.458828926086426,3.458828926086426,3.3718719482421875,3.424628973007202,169517.0
2006-08-14,3.37546706199646,3.460577964782715,3.37546706199646,3.4361910820007324,38493.0
2006-08-16,3.7179489135742188,3.7179489135742188,3.3896520137786865,3.4730141162872314,172605.0
2006-08-17,3.5404419898986816,3.5404419898986816,3.407335042953491,3.429097890853882,18217.0
2006-08-18,3.4339559078216553,3.439300060272217,3.331939935684204,3.331939935684204,51565.0
2006-08-21,3.331939935684204,3.433568000793457,3.331939935684204,3.4069459438323975,68136.0
2006-08-22,3.3896520137786865,3.4109299182891846,3.3274710178375244,3.355452060699463,68136.0
2006-08-23,3.338644027709961,3.5404419898986816,3.338644027709961,3.504978895187378,316906.0
2006-08-24,3.4695160388946533,3.504978895187378,3.4628119468688965,3.4907939434051514,59284.0
2006-08-25,3.489434003829956,3.4916679859161377,3.487199068069458,3.4907939434051514,26245.0
2006-08-28,3.461452007293701,3.504978895187378,3.460577964782715,3.494291067123413,102719.0
2006-08-29,3.461452007293701,3.4992470741271973,3.460577964782715,3.460577964782715,257930.0
2006-08-30,3.4624240398406982,3.487199068069458,3.460577964782715,3.460577964782715,1836079.0
2006-08-31,3.460577964782715,3.4916679859161377,3.460577964782715,3.4645609855651855,147594.0
2006-09-01,3.461452007293701,3.487199068069458,3.461452007293701,3.477871894836426,59696.0
2006-09-04,3.460577964782715,3.470391035079956,3.460577964782715,3.46193790435791,51462.0
2006-09-05,3.461452007293701,3.4632980823516846,3.460577964782715,3.461452007293701,769570.0
2006-09-06,3.4695160388946533,3.4695160388946533,3.460577964782715,3.4610629081726074,94793.0
2006-09-07,3.461452007293701,3.481951951980591,3.461452007293701,3.471653938293457,143065.0
2006-09-08,3.46193790435791,3.477871894836426,3.460577964782715,3.461452007293701,195866.0
2006-09-11,3.4712650775909424,3.5848429203033447,3.461452007293701,3.504103899002075,109820.0
2006-09-12,3.531599998474121,3.531599998474121,3.460577964782715,3.461452007293701,123715.0
2006-09-13,3.461452007293701,3.504978895187378,3.461452007293701,3.4823410511016846,39317.0
2006-09-14,3.495166063308716,3.504978895187378,3.471653938293457,3.4925429821014404,194116.0
2006-09-15,3.461452007293701,3.4792320728302,3.461452007293701,3.4721388816833496,88206.0
2006-09-18,3.54938006401062,3.54938006401062,3.4712650775909424,3.48370099067688,108071.0
2006-09-19,3.48370099067688,3.48370099067688,3.44289493560791,3.4601891040802,1200105.0
2006-09-20,3.460577964782715,3.485450029373169,3.460577964782715,3.460577964782715,1220793.0
2006-09-21,3.478358030319214,3.478358030319214,3.460577964782715,3.460577964782715,109100.0
2006-09-22,3.4695160388946533,3.4868099689483643,3.460577964782715,3.4868099689483643,215113.0
2006-09-25,3.460577964782715,3.504978895187378,3.460577964782715,3.4624240398406982,266369.0
2006-09-26,3.6203060150146484,3.6203060150146484,3.460577964782715,3.4610629081726074,136169.0
2006-09-27,3.4632980823516846,3.513819932937622,3.4344420433044434,3.460577964782715,1714318.0
2006-09-28,3.460577964782715,3.4961369037628174,3.460577964782715,3.460577964782715,124024.0
2006-09-29,3.460577964782715,3.504978895187378,3.460577964782715,3.460577964782715,850057.0
2006-10-03,3.4655330181121826,3.504978895187378,3.4610629081726074,3.4610629081726074,61240.0
2006-10-04,3.531599998474121,3.531599998474121,3.460577964782715,3.460577964782715,41478.0
2006-10-05,3.4610629081726074,3.54938006401062,3.4610629081726074,3.5449109077453613,410567.0
2006-10-06,3.54938006401062,3.54938006401062,3.504978895187378,3.5151801109313965,41993.0
2006-10-09,3.460577964782715,3.5932960510253906,3.460577964782715,3.485450029373169,83678.0
2006-10-10,3.4792320728302,3.522273063659668,3.461452007293701,3.470391035079956,69268.0
2006-10-11,3.4695160388946533,3.504492998123169,3.460577964782715,3.460577964782715,163959.0
2006-10-12,3.4628119468688965,3.476123094558716,3.460577964782715,3.4624240398406982,36538.0
2006-10-13,3.5129458904266357,3.513432025909424,3.460577964782715,3.46193790435791,99631.0
2006-10-16,3.4632980823516846,3.5404419898986816,3.460577964782715,3.460577964782715,87692.0
2006-10-17,3.5404419898986816,3.5404419898986816,3.460577964782715,3.461452007293701,162621.0
2006-10-18,3.487199068069458,3.52178692817688,3.460577964782715,3.50274395942688,678481.0
2006-10-19,3.5404419898986816,3.5404419898986816,3.460577964782715,3.460577964782715,66180.0
2006-10-20,3.4610629081726074,3.5484089851379395,3.4610629081726074,3.5098369121551514,20832328.0
2006-10-23,3.531114101409912,3.531114101409912,3.487199068069458,3.487199068069458,160871.0
2006-10-26,3.487199068069458,3.50274395942688,3.487199068069458,3.487199068069458,55579.0
2006-10-27,3.4695160388946533,3.5036189556121826,3.460577964782715,3.460577964782715,298379.0
2006-10-30,3.461452007293701,3.504103899002075,3.460577964782715,3.460577964782715,95926.0
2006-10-31,3.494776964187622,4.126111030578613,3.460577964782715,3.8253090381622314,3539693.0
2006-11-01,3.930919885635376,3.930919885635376,3.8154959678649902,3.8332760334014893,837706.0
2006-11-02,3.8944859504699707,4.081708908081055,3.869225025177002,4.030701160430908,1885688.0
2006-11-03,4.1705121994018555,4.3479228019714355,4.082194805145264,4.294680118560791,5212327.0
2006-11-06,4.330239772796631,4.330239772796631,4.18693208694458,4.213942050933838,767614.0
2006-11-07,4.250376224517822,4.259216785430908,3.7880001068115234,3.820451021194458,1755488.0
2006-11-08,3.824434995651245,3.993004083633423,3.7445709705352783,3.8190910816192627,832766.0
2006-11-09,3.9122660160064697,3.9122660160064697,3.6824870109558105,3.721932888031006,915106.0
2006-11-10,3.7179489135742188,3.8057799339294434,3.6474130153656006,3.751178026199341,715225.0
2006-11-13,3.8251149654388428,3.983483076095581,3.7056100368499756,3.7687630653381348,2351527.0
2006-11-14,3.7415590286254883,3.7886810302734375,3.6045660972595215,3.6405138969421387,2021858.0
2006-11-15,3.5972790718078613,3.6142818927764893,3.3908181190490723,3.536555051803589,1492721.0
2006-11-16,3.478260040283203,3.6133100986480713,3.478260040283203,3.5885350704193115,1888879.0
2006-11-17,3.498663902282715,3.6822919845581055,3.3908181190490723,3.5851340293884277,1437965.0
2006-11-20,3.5559868812561035,3.624483108520508,3.497692108154297,3.5744469165802,457089.0
2006-11-21,3.536555051803589,3.5948500633239746,3.4214229583740234,3.4452269077301025,207702.0
2006-11-22,3.4219090938568115,3.439397096633911,3.353411912918091,3.40927791595459,279647.0
2006-11-23,3.4296810626983643,3.760019063949585,3.4015049934387207,3.631769895553589,1358301.0
2006-11-24,3.760019063949585,3.760019063949585,3.497692108154297,3.5316970348358154,260503.0
2006-11-27,3.6531450748443604,3.6531450748443604,3.497692108154297,3.535583972930908,169208.0
2006-11-28,3.5943639278411865,3.5943639278411865,3.4117069244384766,3.5064361095428467,362810.0
2006-11-29,3.5098369121551514,3.5098369121551514,3.449112892150879,3.4933199882507324,260811.0
2006-11-30,3.478260040283203,3.478260040283203,3.439397096633911,3.440368890762329,141624.0
2006-12-01,3.351954936981201,3.449112892150879,3.351954936981201,3.3650710582733154,171473.0
2006-12-04,3.3422389030456543,3.438910961151123,3.3422389030456543,3.4049060344696045,266678.0
2006-12-05,3.410249948501587,3.410249948501587,3.3718719482421875,3.3893609046936035,114864.0
2006-12-06,3.3334949016571045,3.449112892150879,3.3334949016571045,3.4049060344696045,111159.0
2006-12-07,3.3325231075286865,3.4199650287628174,3.3325231075286865,3.361185073852539,627224.0
2006-12-08,3.3796451091766357,3.3796451091766357,3.3038620948791504,3.3407819271087646,87383.0
2006-12-11,3.3422389030456543,3.3713860511779785,3.3033759593963623,3.3577840328216553,386689.0
2006-12-12,3.351954936981201,3.399561882019043,3.351954936981201,3.3626420497894287,358796.0
2006-12-13,3.351954936981201,3.361670970916748,3.351954936981201,3.360213041305542,534386.0
2006-12-14,3.3524410724639893,3.4350249767303467,3.3524410724639893,3.4019908905029297,475616.0
2006-12-15,3.3237791061401367,3.3985910415649414,3.3237791061401367,3.3723580837249756,435681.0
2006-12-18,3.410249948501587,3.424823045730591,3.3713860511779785,3.4015049934387207,201733.0
2006-12-19,3.7711920738220215,3.78916597366333,3.40053391456604,3.4044198989868164,363016.0
2006-12-20,3.4685449600219727,3.4685449600219727,3.40053391456604,3.449599027633667,264002.0
2006-12-21,3.4199650287628174,3.584649085998535,3.40053391456604,3.536068916320801,1688999.0
2006-12-22,3.5559868812561035,3.5851340293884277,3.5462710857391357,3.570560932159424,2746450.0
2006-12-26,3.5817339420318604,3.5817339420318604,3.449112892150879,3.518095016479492,1844107.0
2006-12-27,3.410249948501587,3.5559868812561035,3.410249948501587,3.5001211166381836,1729345.0
2006-12-28,3.518095016479492,3.5559868812561035,3.5030360221862793,3.5404419898986816,2795545.0
2006-12-29,3.547243118286133,3.5919349193573,3.497692108154297,3.5574440956115723,2158954.0
2007-01-02,3.5851340293884277,3.5948500633239746,3.497692108154297,3.505465030670166,221288.0
2007-01-03,3.5948500633239746,3.6142818927764893,3.536555051803589,3.5953359603881836,4753694.0
2007-01-04,3.599708080291748,3.6133100986480713,3.5948500633239746,3.5982511043548584,2075688.0
2007-01-05,3.5948500633239746,3.720184087753296,3.5948500633239746,3.7080390453338623,4338082.0
2007-01-08,3.658003091812134,3.711440086364746,3.6434290409088135,3.6769490242004395,7121277.0
2007-01-09,3.630312919616699,3.696866035461426,3.628854990005493,3.6905510425567627,3113069.0
2007-01-10,3.6531450748443604,3.6920080184936523,3.6337130069732666,3.6589739322662354,6062076.0
2007-01-11,3.5074079036712646,3.6521730422973633,3.5074079036712646,3.6434290409088135,2008272.0
2007-01-12,3.7386438846588135,3.7386438846588135,3.5584158897399902,3.5793049335479736,861688.0
2007-01-15,3.5948500633239746,3.6822919845581055,3.5564730167388916,3.645371913909912,2752523.0
2007-01-16,4.022346019744873,4.022346019744873,3.740586996078491,3.8124840259552,3730516.0
2007-01-17,3.8756370544433594,3.8858389854431152,3.7216410636901855,3.737186908721924,777701.0
2007-01-18,3.78916597366333,3.9149858951568604,3.6920080184936523,3.8353159427642822,1041189.0
2007-01-19,3.78916597366333,3.8571770191192627,3.648772954940796,3.744473934173584,361060.0
2007-01-22,3.808598041534424,3.837744951248169,3.740586996078491,3.7940239906311035,455134.0
2007-01-23,3.696866035461426,3.8275439739227295,3.6920080184936523,3.815885066986084,177854.0
2007-01-24,3.740586996078491,3.792081117630005,3.740586996078491,3.775078058242798,69165.0
2007-01-25,3.609424114227295,3.769735097885132,3.609424114227295,3.6686899662017822,345930.0
2007-01-29,3.5482139587402344,3.837744951248169,3.5482139587402344,3.711440086364746,381234.0
2007-01-31,3.740586996078491,3.740586996078491,3.577362060546875,3.6118528842926025,335638.0
2007-02-01,3.5948500633239746,3.632741928100586,3.5462710857391357,3.600680112838745,445253.0
2007-02-02,3.5093510150909424,3.6628611087799072,3.5093510150909424,3.6079659461975098,1264639.0
2007-02-05,3.6079659461975098,3.623025894165039,3.4612579345703125,3.586106061935425,5582240.0
2007-02-06,3.4996349811553955,3.6045660972595215,3.4996349811553955,3.593878984451294,100557.0
2007-02-07,3.5948500633239746,3.720184087753296,3.5083789825439453,3.573961019515991,2152573.0
2007-02-08,3.586106061935425,3.6822919845581055,3.5103230476379395,3.5623021125793457,714505.0
2007-02-09,3.6920080184936523,4.274957180023193,3.6920080184936523,4.202087879180908,17718127.0
2007-02-12,4.214718818664551,4.352683067321777,3.9285879135131836,4.1948018074035645,7469267.0
2007-02-13,4.175856113433838,4.372115135192871,4.0325469970703125,4.207918167114258,3819855.0
2007-02-14,4.195773124694824,4.195773124694824,4.0097150802612305,4.060722827911377,1634037.0
2007-02-15,4.119503974914551,4.177799224853516,4.062180995941162,4.131163120269775,1803040.0
2007-02-19,4.100071907043457,4.158367156982422,4.002913951873779,4.124361991882324,3571806.0
2007-02-20,4.0330328941345215,4.157395839691162,4.0330328941345215,4.1209611892700195,1422114.0
2007-02-21,4.168083190917969,4.175856113433838,4.061695098876953,4.130677223205566,3120788.0
2007-02-22,4.142821788787842,4.148651123046875,4.003399848937988,4.0995869636535645,406656.0
2007-02-23,4.109787940979004,4.2652411460876465,4.051979064941406,4.084041118621826,1567959.0
2007-02-26,4.2652411460876465,4.2652411460876465,4.08064079284668,4.1452507972717285,372382.0
2007-02-27,4.045177936553955,4.157880783081055,4.045177936553955,4.139420986175537,361266.0
2007-02-28,3.886323928833008,4.08064079284668,3.809570074081421,3.917901039123535,570719.0
2007-03-01,3.886323928833008,3.982996940612793,3.740586996078491,3.8503758907318115,610756.0
2007-03-02,3.9353890419006348,4.038863182067871,3.7561330795288086,4.028660774230957,413964.0
2007-03-05,3.78916597366333,3.886323928833008,3.6444010734558105,3.8440608978271484,1995715.0
2007-03-06,3.740586996078491,3.934904098510742,3.740586996078491,3.902841091156006,1034499.0
2007-03-07,3.8960399627685547,3.9057559967041016,3.5224668979644775,3.6924939155578613,364766.0
2007-03-08,3.6439149379730225,3.886323928833008,3.6439149379730225,3.862520933151245,269869.0
2007-03-09,3.8766090869903564,3.982996940612793,3.714354991912842,3.9154720306396484,943513.0
2007-03-12,3.934904098510742,3.973767042160034,3.6929800510406494,3.936361074447632,634223.0
2007-03-13,3.981539011001587,3.981539011001587,3.8668930530548096,3.9519059658050537,262561.0
2007-03-14,4.002913951873779,4.002913951873779,3.862035036087036,3.972309112548828,478086.0
2007-03-15,3.9125568866729736,3.934904098510742,3.8105409145355225,3.864949941635132,239918.0
2007-03-16,3.8280301094055176,3.9931979179382324,3.8280301094055176,3.9557929039001465,329668.0
2007-03-19,3.837744951248169,4.012629985809326,3.837744951248169,3.9713380336761475,168797.0
2007-03-20,3.9154720306396484,4.225892066955566,3.9067280292510986,4.129220008850098,924472.0
2007-03-21,4.129220008850098,4.197229862213135,3.982024908065796,4.132619857788086,491672.0
2007-03-22,4.051493167877197,4.090356826782227,4.002913951873779,4.048579216003418,134111.0
2007-03-23,4.034491062164307,4.08064079284668,3.983483076095581,4.047121047973633,272339.0
2007-03-26,4.03206205368042,4.090356826782227,3.9548211097717285,4.0272040367126465,423742.0
2007-03-28,4.012629985809326,4.120475769042969,4.002913951873779,4.085984230041504,2071159.0
2007-03-29,4.03206205368042,4.158367156982422,4.012629985809326,4.09764289855957,621667.0
2007-03-30,4.08064079284668,4.177799224853516,4.08064079284668,4.129705905914307,536239.0
2007-04-02,3.934904098510742,4.133106231689453,3.934904098510742,4.098128795623779,2226576.0
2007-04-03,4.08064079284668,4.129220008850098,4.061209201812744,4.118532180786133,379690.0
2007-04-04,4.083069801330566,4.083069801330566,3.9640510082244873,4.008257865905762,105806.0
2007-04-05,3.9057559967041016,3.9931979179382324,3.9057559967041016,3.9606499671936035,69783.0
2007-04-09,4.08064079284668,4.08064079284668,3.934904098510742,4.002913951873779,133184.0
2007-04-10,3.974252939224243,4.070925235748291,3.974252939224243,4.037890911102295,213363.0
2007-04-11,4.012629985809326,4.080154895782471,3.934904098510742,4.030603885650635,1346464.0
2007-04-12,4.038376808166504,4.187028884887695,4.038376808166504,4.153509140014648,1466475.0
2007-04-13,4.124847888946533,4.148651123046875,4.034005165100098,4.078211784362793,518227.0
2007-04-16,4.129705905914307,4.148651123046875,4.129220008850098,4.129705905914307,312377.0
2007-04-17,4.129220008850098,4.177799224853516,4.129220008850098,4.129220008850098,379175.0
2007-04-18,4.206945896148682,4.274957180023193,4.129220008850098,4.130677223205566,371250.0
2007-04-19,4.119503974914551,4.1389360427856445,4.102986812591553,4.129220008850098,53829.0
2007-04-20,4.129220008850098,4.172941207885742,4.129220008850098,4.137477874755859,55270.0
2007-04-23,4.129705905914307,4.165167808532715,4.129220008850098,4.129220008850098,48477.0
2007-04-24,4.142335891723633,4.1452507972717285,4.129220008850098,4.130190849304199,54859.0
2007-04-25,4.130190849304199,4.134078025817871,4.129220008850098,4.129705905914307,56814.0
2007-04-26,4.129220008850098,4.159824848175049,4.119503974914551,4.119503974914551,51256.0
2007-04-27,4.129220008850098,4.148651123046875,4.100071907043457,4.100071907043457,63401.0
2007-04-30,4.177799224853516,4.177799224853516,4.100071907043457,4.100071907043457,71429.0
2007-05-03,4.128734111785889,4.371143817901611,4.04177713394165,4.239980220794678,1092137.0
2007-05-04,4.149622917175293,4.372115135192871,4.149622917175293,4.177312850952148,423845.0
2007-05-07,4.226377964019775,4.226377964019775,4.110273838043213,4.15205192565918,167458.0
2007-05-08,4.070925235748291,4.251638889312744,4.070925235748291,4.13456392288208,103336.0
2007-05-09,4.08064079284668,4.08064079284668,3.9951419830322266,4.079668998718262,694640.0
2007-05-10,4.129220008850098,4.28467321395874,4.129220008850098,4.152537822723389,611580.0
2007-05-11,4.273984909057617,4.477046012878418,4.226377964019775,4.376000881195068,1580001.0
2007-05-14,4.605295181274414,4.614038944244385,4.470244884490967,4.517366886138916,1620965.0
2007-05-15,4.615009784698486,5.013359069824219,4.431382179260254,4.885595798492432,3408464.0
2007-05-16,4.954577922821045,4.954577922821045,4.5217390060424805,4.567889213562012,3025480.0
2007-05-17,5.440854072570801,5.440854072570801,4.051493167877197,4.224921226501465,16400172.0
2007-05-18,3.9650230407714844,4.274957180023193,3.9650230407714844,4.1452507972717285,2048619.0
2007-05-21,4.313819885253906,4.313819885253906,3.982996940612793,4.022346019744873,1516702.0
2007-05-22,4.012629985809326,4.022346019744873,3.799854040145874,3.893610954284668,4952339.0
2007-05-23,3.7459309101104736,4.119018077850342,3.7459309101104736,4.058780193328857,3450663.0
2007-05-24,4.022346019744873,4.03206205368042,3.8183140754699707,3.8965260982513428,2312827.0
2007-05-25,3.9543349742889404,3.9543349742889404,3.6045660972595215,3.8979830741882324,5083362.0
2007-05-28,3.6444010734558105,4.031576156616211,3.6444010734558105,3.919358015060425,1242098.0
2007-05-29,3.960165023803711,4.002913951873779,3.8571770191192627,3.8974978923797607,1096048.0
2007-05-30,3.8960399627685547,3.934904098510742,3.6920080184936523,3.7561330795288086,1329996.0
2007-05-31,3.7561330795288086,3.8960399627685547,3.6434290409088135,3.798396110534668,798183.0
2007-06-01,3.983483076095581,4.03206205368042,3.814913034439087,3.879038095474243,1800878.0
2007-06-04,3.9640510082244873,3.9640510082244873,3.750303030014038,3.800339937210083,1041395.0
2007-06-05,3.6531450748443604,3.9232449531555176,3.6531450748443604,3.8858389854431152,1052408.0
2007-06-06,3.973767042160034,3.983483076095581,3.8202569484710693,3.8664069175720215,635356.0
2007-06-07,3.8668930530548096,3.900897979736328,3.808598041534424,3.888267993927002,975111.0
2007-06-08,3.808598041534424,3.884381055831909,3.7464170455932617,3.821713924407959,310318.0
2007-06-11,3.7313570976257324,3.8766090869903564,3.7313570976257324,3.8032538890838623,7391867.0
2007-06-12,3.847460985183716,3.9057559967041016,3.6142818927764893,3.791110038757324,1309206.0
2007-06-13,3.7410728931427,3.837744951248169,3.655087947845459,3.711440086364746,1694145.0
2007-06-14,3.7308709621429443,3.8358020782470703,3.7162981033325195,3.7964529991149902,1701350.0
2007-06-15,3.7886810302734375,3.8110270500183105,3.733786106109619,3.783823013305664,2298726.0
2007-06-18,3.750303030014038,3.7867369651794434,3.648287057876587,3.6861789226531982,659749.0
2007-06-19,3.7260138988494873,3.7260138988494873,3.6682050228118896,3.6915218830108643,442680.0
2007-06-20,3.6920080184936523,3.711440086364746,3.5948500633239746,3.631769895553589,3053167.0
2007-06-21,3.6434290409088135,3.6434290409088135,3.5948500633239746,3.632741928100586,1481193.0
2007-06-22,3.609424114227295,3.623025894165039,3.536555051803589,3.5822200775146484,2329089.0
2007-06-25,3.575417995452881,3.6531450748443604,3.528296947479248,3.566673994064331,753205.0
2007-06-26,3.5948500633239746,3.5948500633239746,3.449599027633667,3.497205972671509,2211343.0
2007-06-27,3.5462710857391357,3.78916597366333,3.5074079036712646,3.632741928100586,6031199.0
2007-06-28,3.6434290409088135,3.78916597366333,3.6337130069732666,3.6856930255889893,2568081.0
2007-06-29,3.6337130069732666,3.7308709621429443,3.6337130069732666,3.6774349212646484,255254.0
2007-07-02,3.6929800510406494,3.711440086364746,3.6531450748443604,3.688607931137085,421169.0
2007-07-03,3.6920080184936523,3.721155881881714,3.6337130069732666,3.6686899662017822,374544.0
2007-07-04,3.6920080184936523,3.6920080184936523,3.5851340293884277,3.5953359603881836,408200.0
2007-07-05,3.6269121170043945,3.661402940750122,3.5074079036712646,3.559386968612671,600361.0
2007-07-06,3.5462710857391357,3.5462710857391357,3.497692108154297,3.5229530334472656,624754.0
2007-07-09,3.5948500633239746,3.6434290409088135,3.5316970348358154,3.5482139587402344,680643.0
2007-07-10,3.593878984451294,3.632741928100586,3.5462710857391357,3.5623021125793457,1204222.0
2007-07-11,3.449112892150879,3.721155881881714,3.449112892150879,3.648772954940796,1759399.0
2007-07-12,3.6915218830108643,3.6920080184936523,3.5948500633239746,3.6171960830688477,1401838.0
2007-07-13,3.721155881881714,3.7881948947906494,3.6201109886169434,3.645371913909912,2210417.0
2007-07-16,3.5948500633239746,3.6920080184936523,3.5948500633239746,3.646343946456909,841514.0
2007-07-17,3.6798629760742188,3.7396159172058105,3.672576904296875,3.709981918334961,1097489.0
2007-07-18,3.710953950881958,3.710953950881958,3.6356570720672607,3.6458580493927,1088431.0
2007-07-19,3.655087947845459,3.7881948947906494,3.65460205078125,3.7629339694976807,860864.0
2007-07-20,3.7629339694976807,3.78916597366333,3.740586996078491,3.740586996078491,572263.0
2007-07-23,3.7162981033325195,3.78916597366333,3.7162981033325195,3.7556469440460205,239403.0
2007-07-24,3.769735097885132,3.7881948947906494,3.740586996078491,3.7488460540771484,1262272.0
2007-07-25,3.78916597366333,3.78916597366333,3.6531450748443604,3.6973519325256348,98705.0
2007-07-26,3.7784790992736816,3.7784790992736816,3.6920080184936523,3.6963798999786377,102410.0
2007-07-27,3.6822919845581055,3.6822919845581055,3.6050519943237305,3.6575169563293457,184338.0
2007-07-30,3.6667470932006836,3.6667470932006836,3.517608880996704,3.559386968612671,512257.0
2007-07-31,3.5948500633239746,3.672576904296875,3.59047794342041,3.6011650562286377,2368098.0
2007-08-01,3.5559868812561035,3.6920080184936523,3.5496718883514404,3.623997926712036,1210706.0
2007-08-02,3.672576904296875,3.721155881881714,3.6536309719085693,3.6774349212646484,301055.0
2007-08-03,3.6920080184936523,3.6920080184936523,3.5948500633239746,3.607481002807617,14713849.0
2007-08-06,3.6337130069732666,3.6337130069732666,3.536555051803589,3.577362060546875,93147.0
2007-08-07,3.645371913909912,3.6920080184936523,3.5948500633239746,3.66188907623291,408303.0
2007-08-08,3.672576904296875,3.6774349212646484,3.5948500633239746,3.599708080291748,115584.0
2007-08-09,3.672576904296875,3.672576904296875,3.5948500633239746,3.6439149379730225,347577.0
2007-08-10,3.6434290409088135,3.6434290409088135,3.5462710857391357,3.5967929363250732,261326.0
2007-08-13,3.6628611087799072,3.837744951248169,3.6628611087799072,3.7949960231781006,928383.0
2007-08-14,3.78916597366333,3.78916597366333,3.6934659481048584,3.7775070667266846,898741.0
2007-08-16,3.769735097885132,3.78916597366333,3.5579299926757812,3.5870769023895264,69680.0
2007-08-17,3.57590389251709,3.6434290409088135,3.40053391456604,3.5467569828033447,412626.0
2007-08-20,3.458828926086426,3.632741928100586,3.458828926086426,3.5234389305114746,117025.0
2007-08-21,3.5171239376068115,3.5559868812561035,3.4831180572509766,3.4938058853149414,171473.0
2007-08-22,3.266455888748169,3.4991490840911865,3.266455888748169,3.449599027633667,116099.0
2007-08-23,3.740586996078491,3.740586996078491,3.40053391456604,3.448141098022461,530990.0
2007-08-24,3.4204509258270264,3.448141098022461,3.40053391456604,3.4121930599212646,58358.0
2007-08-27,3.313091993331909,3.769735097885132,3.313091993331909,3.521981954574585,689803.0
2007-08-28,3.6337130069732666,3.63857102394104,3.5030360221862793,3.538012981414795,165812.0
2007-08-29,3.3077480792999268,3.6142818927764893,3.3077480792999268,3.5909640789031982,157166.0
2007-08-30,3.497692108154297,3.6434290409088135,3.497692108154297,3.5963070392608643,272030.0
2007-08-31,3.720669984817505,3.7396159172058105,3.6371140480041504,3.6570310592651367,202144.0
2007-09-03,3.6434290409088135,3.6434290409088135,3.5462710857391357,3.566673994064331,140595.0
2007-09-04,3.5948500633239746,3.6434290409088135,3.5657029151916504,3.58319091796875,194734.0
2007-09-05,3.5948500633239746,3.6045660972595215,3.526839017868042,3.5316970348358154,233125.0
2007-09-06,3.5316970348358154,3.5657029151916504,3.497692108154297,3.4991490840911865,98293.0
2007-09-07,3.4685449600219727,3.5948500633239746,3.458828926086426,3.464171886444092,486526.0
2007-09-10,3.464171886444092,3.5647308826446533,3.439397096633911,3.495748996734619,522756.0
2007-09-11,3.497692108154297,3.5316970348358154,3.456399917602539,3.5069220066070557,494863.0
2007-09-12,3.497692108154297,3.534126043319702,3.4855470657348633,3.497692108154297,60211.0
2007-09-13,3.4685449600219727,3.5171239376068115,3.4685449600219727,3.4991490840911865,109615.0
2007-09-14,3.5452990531921387,3.5627880096435547,3.497692108154297,3.5244100093841553,430741.0
2007-09-17,3.575417995452881,3.575417995452881,3.4112210273742676,3.4670870304107666,134420.0
2007-09-18,3.410249948501587,3.5064361095428467,3.410249948501587,3.5006070137023926,172708.0
2007-09-19,3.6142818927764893,3.6142818927764893,3.482146978378296,3.4996349811553955,436299.0
2007-09-20,3.5462710857391357,3.5462710857391357,3.497692108154297,3.4996349811553955,203071.0
2007-09-21,3.5559868812561035,3.5559868812561035,3.497692108154297,3.497692108154297,619505.0
2007-09-24,3.448141098022461,3.5462710857391357,3.448141098022461,3.5074079036712646,13663911.0
2007-09-25,3.6434290409088135,3.6434290409088135,3.3811020851135254,3.496234893798828,302702.0
2007-09-26,3.544814109802246,3.544814109802246,3.4831180572509766,3.49526309967041,569689.0
2007-09-27,3.589992046356201,3.589992046356201,3.439397096633911,3.498663902282715,683010.0
2007-09-28,3.497692108154297,3.6920080184936523,3.4685449600219727,3.540926933288574,2767138.0
2007-10-01,3.351954936981201,3.536068916320801,3.351954936981201,3.450084924697876,201424.0
2007-10-03,3.478260040283203,3.497692108154297,3.3237791061401367,3.345639944076538,592333.0
2007-10-04,3.5462710857391357,3.5462710857391357,3.3325231075286865,3.4180219173431396,933220.0
2007-10-05,3.449112892150879,3.487489938735962,3.3626420497894287,3.4282240867614746,504229.0
2007-10-08,3.439397096633911,3.5171239376068115,3.3665289878845215,3.4967200756073,1697542.0
2007-10-09,3.40053391456604,3.5462710857391357,3.40053391456604,3.5321829319000244,1522466.0
2007-10-10,3.40053391456604,3.589992046356201,3.3038620948791504,3.497692108154297,1460299.0
2007-10-11,3.40053391456604,3.497692108154297,3.40053391456604,3.48068904876709,617755.0
2007-10-12,3.449112892150879,3.497692108154297,3.3908181190490723,3.4291958808898926,548693.0
2007-10-15,3.48797607421875,3.48797607421875,3.3713860511779785,3.389846086502075,241050.0
2007-10-16,3.3033759593963623,3.40053391456604,3.209131956100464,3.384016990661621,849645.0
2007-10-17,3.351954936981201,3.40053391456604,3.1090590953826904,3.38450288772583,31700.0
2007-10-18,3.449112892150879,3.449112892150879,3.118774890899658,3.255281925201416,2755816.0
2007-10-19,3.2547969818115234,3.2547969818115234,3.1197469234466553,3.186300039291382,154799.0
2007-10-22,3.3908181190490723,3.40053391456604,3.2450809478759766,3.2674269676208496,284793.0
2007-10-23,3.3033759593963623,3.3422389030456543,3.2353649139404297,3.2683990001678467,247946.0
2007-10-24,3.2062180042266846,3.370901107788086,3.2062180042266846,3.350982904434204,346239.0
2007-10-25,3.3033759593963623,3.3713860511779785,3.3033759593963623,3.3033759593963623,768232.0
2007-10-26,3.3033759593963623,3.3228070735931396,3.265484094619751,3.3033759593963623,225405.0
2007-10-29,3.3033759593963623,3.3349521160125732,3.2450809478759766,3.279572010040283,481483.0
2007-10-30,3.1921300888061523,3.2839438915252686,3.168325901031494,3.2543110847473145,711520.0
2007-10-31,3.2693700790405273,3.273742914199829,3.2062180042266846,3.240222930908203,577512.0
2007-11-01,3.264512062072754,3.27325701713562,3.121203899383545,3.2290499210357666,996725.0
2007-11-02,2.9924700260162354,3.2547969818115234,2.9924700260162354,3.2188479900360107,1069802.0
2007-11-05,3.2062180042266846,3.2834579944610596,3.072624921798706,3.2547969818115234,923751.0
2007-11-06,3.3033759593963623,3.3033759593963623,3.1624960899353027,3.223706007003784,326375.0
2007-11-07,3.225649118423462,3.2640271186828613,3.2062180042266846,3.2062180042266846,416228.0
2007-11-08,3.1965019702911377,3.1965019702911377,3.1090590953826904,3.1265480518341064,60108.0
2007-11-12,3.1406359672546387,3.2062180042266846,3.089627981185913,3.1586101055145264,120936.0
2007-11-13,3.1892149448394775,3.1892149448394775,2.9419479370117188,3.016758918762207,873215.0
2007-11-14,3.0604801177978516,3.1090590953826904,3.0119009017944336,3.017245054244995,341299.0
2007-11-15,3.079911947250366,3.079911947250366,2.9982988834381104,3.0075290203094482,343151.0
2007-11-16,3.002671003341675,3.0604801177978516,2.944375991821289,3.011415958404541,459354.0
2007-11-19,2.9730379581451416,3.2441089153289795,2.9633219242095947,3.1717259883880615,1789865.0
2007-11-20,3.225649118423462,3.40053391456604,3.1965019702911377,3.255768060684204,1678912.0
2007-11-21,3.40053391456604,3.40053391456604,3.2062180042266846,3.211076021194458,850983.0
2007-11-22,3.2062180042266846,3.2547969818115234,3.138206958770752,3.232450008392334,750632.0
2007-11-23,3.2062180042266846,3.2062180042266846,3.1469509601593018,3.167354106903076,66592.0
2007-11-26,3.2445950508117676,3.2445950508117676,3.089627981185913,3.1236329078674316,229316.0
2007-11-27,3.1586101055145264,3.1586101055145264,3.0604801177978516,3.098371982574463,372382.0
2007-11-28,3.09934401512146,3.2047600746154785,3.09934401512146,3.1241190433502197,661190.0
2007-11-29,3.1624960899353027,3.186785936355591,3.0216169357299805,3.1357779502868652,163959.0
2007-11-30,3.1576390266418457,3.2936599254608154,3.1090590953826904,3.215933084487915,989315.0
2007-12-03,3.1576390266418457,3.2547969818115234,3.1576390266418457,3.2343928813934326,248872.0
2007-12-04,3.2839438915252686,3.3422389030456543,3.255281925201416,3.2931740283966064,501141.0
2007-12-05,3.40053391456604,3.497692108154297,3.264512062072754,3.304347038269043,488173.0
2007-12-06,3.118774890899658,3.410249948501587,3.118774890899658,3.3388381004333496,699478.0
2007-12-07,3.4870049953460693,3.4870049953460693,3.3033759593963623,3.350497007369995,254945.0
2007-12-10,3.3232929706573486,3.390331983566284,3.2936599254608154,3.313091993331909,8916186.0
2007-12-11,3.3966479301452637,3.502549886703491,3.3087189197540283,3.4355111122131348,22308376.0
2007-12-12,3.4199650287628174,3.7308709621429443,3.4199650287628174,3.6448869705200195,8563360.0
2007-12-13,3.7381579875946045,3.832887887954712,3.6361420154571533,3.6589739322662354,3251297.0
2007-12-14,3.6434290409088135,3.671605110168457,3.498178005218506,3.598736047744751,1474709.0
2007-12-17,3.478260040283203,3.5948500633239746,3.4598000049591064,3.497692108154297,1550565.0
2007-12-18,3.3325231075286865,3.886323928833008,3.3325231075286865,3.6434290409088135,2925231.0
2007-12-19,3.6434290409088135,3.6920080184936523,3.5948500633239746,3.6011650562286377,1215853.0
2007-12-20,3.5948500633239746,3.6434290409088135,3.4296810626983643,3.598736047744751,16836265.0
2007-12-24,3.7639050483703613,3.808598041534424,3.5467569828033447,3.5885350704193115,2744289.0
2007-12-26,3.6215689182281494,3.711440086364746,3.5948500633239746,3.5982511043548584,1634551.0
2007-12-27,3.662374973297119,3.9057559967041016,3.6142818927764893,3.6536309719085693,1952178.0
2007-12-28,3.6434290409088135,4.259411811828613,3.5948500633239746,4.167596817016602,23320952.0
2007-12-31,3.8965260982513428,4.391547203063965,3.8965260982513428,4.267183780670166,6317330.0
2008-01-01,4.226377964019775,4.372115135192871,4.100071907043457,4.147679805755615,8664329.0
2008-01-02,4.226377964019775,4.58586311340332,4.051493167877197,4.44401216506958,6680758.0
2008-01-03,4.564973831176758,4.566431045532227,4.226377964019775,4.321592807769775,2294815.0
2008-01-04,4.469273090362549,4.935632228851318,4.342967987060547,4.86276388168335,7320643.0
2008-01-07,4.760747909545898,4.935632228851318,4.498906135559082,4.724799156188965,7111191.0
2008-01-08,4.896769046783447,5.240222930908203,4.751031875610352,4.955550193786621,12964741.0
2008-01-09,4.838473796844482,5.118289947509766,4.721883773803711,4.916201114654541,5289006.0
2008-01-10,4.857905864715576,5.032790184020996,4.678163051605225,4.761719226837158,2337015.0
2008-01-11,5.333008766174316,5.333008766174316,4.63444185256958,4.698081016540527,1036454.0
2008-01-14,4.663589000701904,4.765605926513672,4.478989124298096,4.587319850921631,1424379.0
2008-01-15,4.663589000701904,4.761232852935791,4.236579895019531,4.333737850189209,1585765.0
2008-01-16,4.28467321395874,4.381831169128418,4.187514781951904,4.37260103225708,1248377.0
2008-01-17,4.372115135192871,4.692737102508545,4.294388771057129,4.479960918426514,2486976.0
2008-01-18,4.188486099243164,4.469273090362549,3.78916597366333,4.236093997955322,2878915.0
2008-01-21,4.352683067321777,4.352683067321777,3.2314789295196533,3.410249948501587,2919364.0
2008-01-22,3.5851340293884277,3.5948500633239746,2.7306289672851562,3.2057321071624756,2381478.0
2008-01-23,3.2062180042266846,3.846489906311035,3.2062180042266846,3.736701011657715,796330.0
2008-01-24,4.031089782714844,4.031089782714844,3.3339810371398926,3.615739107131958,1754665.0
2008-01-25,3.5559868812561035,3.934904098510742,3.5462710857391357,3.920330047607422,567116.0
2008-01-28,3.8858389854431152,3.934904098510742,3.5559868812561035,3.907212972640991,705756.0
2008-01-29,4.013601779937744,4.013601779937744,3.8183140754699707,3.8916680812835693,247843.0
2008-01-30,3.740586996078491,3.982996940612793,3.6434290409088135,3.886323928833008,793654.0
2008-01-31,3.78916597366333,4.119503974914551,3.78916597366333,3.9353890419006348,6187027.0
2008-02-01,3.9446189403533936,4.274957180023193,3.789652109146118,4.124361991882324,963583.0
2008-02-04,4.294388771057129,4.294388771057129,3.983483076095581,4.012629985809326,248152.0
2008-02-05,4.117560863494873,4.118532180786133,3.8970119953155518,3.942189931869507,108585.0
2008-02-06,3.9883410930633545,4.069952964782715,3.711440086364746,3.886323928833008,178266.0
2008-02-07,3.8960399627685547,3.973280906677246,3.78916597366333,3.8751509189605713,1507851.0
2008-02-08,3.8766090869903564,4.022346019744873,3.5778470039367676,3.9154720306396484,434446.0
2008-02-11,3.648287057876587,3.9300460815429688,3.3033759593963623,3.783337116241455,1330408.0
2008-02-12,3.556957960128784,3.8766090869903564,3.5195529460906982,3.854748010635376,6269367.0
2008-02-13,3.847460985183716,3.886323928833008,3.6531450748443604,3.8498899936676025,1116736.0
2008-02-14,3.886323928833008,4.177799224853516,3.7230989933013916,3.952877998352051,1578149.0
2008-02-15,3.8916680812835693,4.0272040367126465,3.847460985183716,3.943648099899292,453693.0
2008-02-18,3.9154720306396484,4.168083190917969,3.847460985183716,4.08064079284668,1033367.0
2008-02-19,4.106873035430908,4.323535919189453,3.8911819458007812,4.230264186859131,2172232.0
2008-02-20,4.236093997955322,4.274957180023193,3.9931979179382324,4.2108330726623535,926016.0
2008-02-21,4.186542987823486,4.224434852600098,4.062180995941162,4.167110919952393,298791.0
2008-02-22,4.172941207885742,4.206945896148682,4.061209201812744,4.164682865142822,275941.0
2008-02-25,4.001943111419678,4.187514781951904,4.001943111419678,4.0986151695251465,423227.0
2008-02-26,4.08064079284668,4.090356826782227,3.4612579345703125,4.060237884521484,478807.0
2008-02-27,4.070925235748291,4.168083190917969,3.9543349742889404,4.11076021194458,16016570.0
2008-02-28,4.070925235748291,4.352683067321777,3.9844539165496826,4.185572147369385,1524422.0
2008-02-29,4.1389360427856445,4.148651123046875,4.03206205368042,4.11076021194458,2015683.0
2008-03-03,4.041292190551758,4.04177713394165,3.798882007598877,3.862520933151245,320199.0
2008-03-04,3.8668930530548096,3.886323928833008,3.6142818927764893,3.8440608978271484,548075.0
2008-03-05,3.760019063949585,3.8766090869903564,3.575417995452881,3.80519700050354,1209677.0
2008-03-07,3.6628611087799072,3.769735097885132,3.4345390796661377,3.6512019634246826,1539243.0
2008-03-10,3.4598000049591064,3.769735097885132,3.274228096008301,3.575417995452881,1542948.0
2008-03-11,3.410249948501587,3.6920080184936523,3.410249948501587,3.6356570720672607,59078.0
2008-03-12,3.8571770191192627,3.8571770191192627,3.5462710857391357,3.6628611087799072,199983.0
2008-03-13,3.504492998123169,3.6701478958129883,3.442312002182007,3.531212091445923,100763.0
2008-03-14,3.7308709621429443,3.769735097885132,3.353898048400879,3.5190670490264893,759380.0
2008-03-17,3.5875630378723145,3.5875630378723145,2.9438910484313965,3.330579996109009,1732536.0
2008-03-18,3.4442551136016846,3.497692108154297,3.1624960899353027,3.4058780670166016,504229.0
2008-03-19,3.3524410724639893,3.5559868812561035,3.0119009017944336,3.185328960418701,792625.0
2008-03-24,2.968179941177368,3.2062180042266846,2.968179941177368,3.139178991317749,879082.0
2008-03-25,3.1566669940948486,3.1916439533233643,3.079911947250366,3.1576390266418457,1343377.0
2008-03-26,3.128490924835205,3.2052459716796875,3.089627981185913,3.1182899475097656,4094150.0
2008-03-27,3.1576390266418457,3.1576390266418457,2.9924700260162354,3.0478498935699463,6496420.0
2008-03-28,3.09934401512146,3.09934401512146,3.0119009017944336,3.0463929176330566,200806.0
2008-03-31,3.2936599254608154,3.3033759593963623,2.9244589805603027,3.2445950508117676,712446.0
2008-04-01,3.29803204536438,3.3908181190490723,3.113917112350464,3.2965750694274902,650588.0
2008-04-02,3.3801310062408447,3.3801310062408447,3.1726980209350586,3.2139899730682373,253915.0
2008-04-03,3.3325231075286865,3.3325231075286865,3.1095449924468994,3.151323080062866,78223.0
2008-04-04,3.3033759593963623,3.3033759593963623,3.050765037536621,3.1042020320892334,287572.0
2008-04-07,3.2547969818115234,3.2547969818115234,2.997328042984009,3.072624921798706,524402.0
2008-04-08,3.137234926223755,3.137234926223755,2.9929559230804443,3.0080149173736572,245167.0
2008-04-09,3.089627981185913,3.089627981185913,2.997328042984009,3.0021860599517822,439180.0
2008-04-10,3.058537006378174,3.1090590953826904,2.9827539920806885,3.0750539302825928,237550.0
2008-04-11,3.0604801177978516,3.0692250728607178,3.0119009017944336,3.017245054244995,185059.0
2008-04-15,3.0604801177978516,3.0604801177978516,3.0119009017944336,3.0293900966644287,79458.0
2008-04-16,3.0604801177978516,3.0871989727020264,3.0313329696655273,3.033276081085205,190720.0
2008-04-17,3.0604801177978516,3.147922992706299,3.0313329696655273,3.09934401512146,319273.0
2008-04-21,3.1090590953826904,3.184356927871704,3.0769970417022705,3.1095449924468994,6381041.0
2008-04-22,3.128490924835205,3.147922992706299,3.105173110961914,3.1100308895111084,285616.0
2008-04-23,3.1236329078674316,3.177069902420044,3.050765037536621,3.082340955734253,381954.0
2008-04-24,3.089627981185913,3.089627981185913,3.0459070205688477,3.0546510219573975,40140.0
2008-04-25,3.167354106903076,3.177069902420044,3.0512499809265137,3.0692250728607178,126597.0
2008-04-28,3.1265480518341064,3.1576390266418457,3.0604801177978516,3.0930280685424805,474793.0
2008-04-29,3.0604801177978516,3.0847699642181396,3.0313329696655273,3.048820972442627,109306.0
2008-04-30,3.0313329696655273,3.128490924835205,3.0313329696655273,3.111974000930786,359928.0
2008-05-02,3.1965019702911377,3.223706007003784,3.050765037536621,3.058537006378174,313509.0
2008-05-05,2.914742946624756,3.2062180042266846,2.914742946624756,3.0284180641174316,189999.0
2008-05-06,3.0216169357299805,3.1090590953826904,2.9341750144958496,2.9604079723358154,1442185.0
2008-05-07,2.953605890274048,3.065337896347046,2.9244589805603027,2.9735240936279297,401407.0
2008-05-08,3.041049003601074,3.050765037536621,2.953605890274048,2.9968419075012207,212334.0
2008-05-09,3.0119009017944336,3.0119009017944336,2.914742946624756,2.9273738861083984,66798.0
2008-05-12,2.739859104156494,2.9895548820495605,2.739859104156494,2.945348024368286,384013.0
2008-05-13,2.9633219242095947,3.00704288482666,2.8681070804595947,2.915714979171753,303114.0
2008-05-14,2.9429190158843994,2.9438910484313965,2.817584991455078,2.869565010070801,126906.0
2008-05-15,2.914257049560547,2.9356319904327393,2.856934070587158,2.8647069931030273,198542.0
2008-05-16,2.837017059326172,2.914257049560547,2.837017059326172,2.8642210960388184,130097.0
2008-05-20,2.8953120708465576,2.9526350498199463,2.8418750762939453,2.883652925491333,116819.0
2008-05-21,2.914742946624756,3.010930061340332,2.731600046157837,2.7728919982910156,1693116.0
2008-05-22,2.7690060138702393,2.7699780464172363,2.556230068206787,2.579547882080078,5037355.0
2008-05-23,2.6524159908294678,2.7301430702209473,2.5902349948883057,2.6747629642486572,1110354.0
2008-05-26,2.8953120708465576,2.8953120708465576,2.5761470794677734,2.6329851150512695,2857712.0
2008-05-27,2.778722047805786,2.778722047805786,2.5275681018829346,2.549428939819336,688362.0
2008-05-28,2.526110887527466,2.6718480587005615,2.526110887527466,2.6062660217285156,380410.0
2008-05-29,2.6232690811157227,2.642699956893921,2.526110887527466,2.532426118850708,302908.0
2008-05-30,2.5358269214630127,2.613553047180176,2.4386680126190186,2.56400203704834,556618.0
2008-06-02,2.6329851150512695,2.642699956893921,2.4585859775543213,2.500364065170288,186294.0
2008-06-03,2.55525803565979,2.55525803565979,2.3444249629974365,2.3760008811950684,240638.0
2008-06-04,2.3512260913848877,2.427980899810791,2.1870288848876953,2.2754430770874023,500215.0
2008-06-05,2.3609418869018555,2.3609418869018555,2.1025009155273438,2.2322070598602295,801476.0
2008-06-06,2.254067897796631,2.254067897796631,2.118046998977661,2.1510798931121826,555383.0
2008-06-09,2.064610004425049,2.12727689743042,1.7974250316619873,1.861063003540039,560941.0
2008-06-10,1.9023560285568237,1.9820250272750854,1.8362879753112793,1.8596060276031494,2870166.0
2008-06-11,1.8469749689102173,1.904299020767212,1.6137959957122803,1.7337859869003296,5149028.0
2008-06-12,1.632256031036377,1.6798629760742188,1.6137959957122803,1.63857102394104,1376724.0
2008-06-13,1.6895790100097656,1.6895790100097656,1.3854739665985107,1.4350249767303467,7882305.0
2008-06-16,1.5341260433197021,1.583677053451538,1.476802945137024,1.5064359903335571,3009321.0
2008-06-17,1.5253820419311523,1.592421054840088,1.488461971282959,1.5608450174331665,1906891.0
2008-06-18,1.6128239631652832,1.661402940750122,1.5535579919815063,1.6380850076675415,3231021.0
2008-06-19,1.6031090021133423,1.640028953552246,1.5608450174331665,1.582705020904541,771525.0
2008-06-20,1.5545289516448975,1.6128239631652832,1.5190670490264893,1.6011650562286377,1855840.0
2008-06-23,1.5083789825439453,1.5739610195159912,1.3971329927444458,1.453971028327942,973773.0
2008-06-24,1.4670870304107666,1.4758310317993164,1.3903319835662842,1.4355109930038452,827208.0
2008-06-25,1.4194799661636353,1.6405140161514282,1.3922749757766724,1.5899920463562012,2194875.0
2008-06-26,1.62253999710083,1.6288549900054932,1.5448139905929565,1.5521010160446167,349533.0
2008-06-27,1.5059499740600586,1.5088649988174438,1.4185080528259277,1.4345389604568481,499495.0
2008-06-30,1.4865189790725708,1.4865189790725708,1.3407820463180542,1.3534120321273804,323287.0
2008-07-01,1.3791589736938477,1.3791589736938477,1.2640269994735718,1.2732570171356201,202453.0
2008-07-02,1.3407820463180542,1.4262809753417969,1.254310965538025,1.3237789869308472,379278.0
2008-07-03,1.283944010734558,1.3203779458999634,1.2513959407806396,1.2790859937667847,136375.0
2008-07-04,1.3310660123825073,1.360213041305542,1.2849160432815552,1.3048330545425415,182588.0
2008-07-07,1.2922029495239258,1.4039340019226074,1.2922029495239258,1.3674999475479126,270075.0
2008-07-08,1.2994890213012695,1.389361023902893,1.292688012123108,1.3597270250320435,180942.0
2008-07-09,1.4087920188903809,1.4573709964752197,1.3116339445114136,1.394703984260559,2858021.0
2008-07-10,1.3845030069351196,1.428223967552185,1.32280695438385,1.4083069562911987,504229.0
2008-07-11,1.4083069562911987,1.4083069562911987,1.2970600128173828,1.321835994720459,374441.0
2008-07-14,1.292688012123108,1.3257219791412354,1.292688012123108,1.3096909523010254,71532.0
2008-07-15,1.3096909523010254,1.3116339445114136,1.2630549669265747,1.2674269676208496,156754.0
2008-07-16,1.2630549669265747,1.3019180297851562,1.2144759893417358,1.2450809478759766,426829.0
2008-07-17,1.2630549669265747,1.360213041305542,1.1328630447387695,1.2339080572128296,1222851.0
2008-07-18,1.2241920232772827,1.3019180297851562,1.1513229608535767,1.1649249792099,1152965.0
2008-07-21,1.117318034172058,1.199902057647705,1.117318034172058,1.14889395236969,419419.0
2008-07-22,1.1892149448394775,1.1892149448394775,1.0891419649124146,1.1464649438858032,18007963.0
2008-07-23,1.20427405834198,1.2144759893417358,1.1566669940948486,1.200387954711914,1238599.0
2008-07-24,1.204759955406189,1.2426520586013794,1.165897011756897,1.1770700216293335,1206383.0
2008-07-25,1.2037889957427979,1.2037889957427979,1.1367499828338623,1.1683260202407837,593877.0
2008-07-28,1.1853289604187012,1.1853289604187012,1.15618097782135,1.166869044303894,632577.0
2008-07-29,1.15618097782135,1.204759955406189,1.1270339488983154,1.1527810096740723,612506.0
2008-07-30,1.1756130456924438,1.1989309787750244,1.1372350454330444,1.1532659530639648,352415.0
2008-07-31,1.165897011756897,1.165897011756897,1.077968955039978,1.100314974784851,4551343.0
2008-08-01,1.0978859663009644,1.143550992012024,1.0808839797973633,1.1037160158157349,2060352.0
2008-08-04,1.1076020002365112,1.1367499828338623,1.088170051574707,1.0959429740905762,3622239.0
2008-08-05,1.1124600172042847,1.121690034866333,1.0935139656066895,1.116346001625061,6014628.0
2008-08-06,1.1464649438858032,1.3009469509124756,1.0978859663009644,1.165897011756897,84727860.0
2008-08-07,1.1756130456924438,1.399075984954834,1.1746410131454468,1.3757590055465698,91698043.0
2008-08-08,1.3699289560317993,1.417536973953247,1.3247510194778442,1.3684719800949097,27659549.0
2008-08-11,1.3611849546432495,1.4369679689407349,1.337867021560669,1.3626420497894287,11624452.0
2008-08-12,1.3679859638214111,1.4573709964752197,1.360213041305542,1.3971329927444458,17570532.0
2008-08-13,1.4087920188903809,1.41656494140625,1.3747869729995728,1.400048017501831,2697561.0
2008-08-14,1.417536973953247,1.437940001487732,1.389361023902893,1.4049060344696045,9639646.0
2008-08-18,1.389361023902893,1.4185080528259277,1.3699289560317993,1.4068490266799927,5517500.0
2008-08-19,1.4087920188903809,1.4277379512786865,1.3796449899673462,1.400048017501831,1709172.0
2008-08-20,1.4015049934387207,1.4185080528259277,1.399075984954834,1.399075984954834,454208.0
2008-08-21,1.399075984954834,1.399075984954834,1.3223220109939575,1.3354380130767822,1351405.0
2008-08-22,1.360213041305542,1.360213041305542,1.2975460290908813,1.3053189516067505,369912.0
2008-08-25,1.317463994026184,1.4340529441833496,1.2834579944610596,1.320863962173462,498362.0
2008-08-26,1.304347038269043,1.3407820463180542,1.304347038269043,1.316491961479187,863540.0
2008-08-27,1.3126059770584106,1.3310660123825073,1.2844300270080566,1.305804967880249,166532.0
2008-08-28,1.2902590036392212,1.310176968574524,1.2343930006027222,1.2475099563598633,351591.0
2008-08-29,1.2824870347976685,1.3504970073699951,1.2698559761047363,1.3349519968032837,1934475.0
2008-09-01,1.3305799961090088,1.3582700490951538,1.3019180297851562,1.3446680307388306,241667.0
2008-09-02,1.360213041305542,1.3699289560317993,1.293660044670105,1.317463994026184,508140.0
2008-09-04,1.3116339445114136,1.349526047706604,1.276656985282898,1.3082339763641357,334403.0
2008-09-05,1.2824870347976685,1.3393239974975586,1.2489670515060425,1.3140629529953003,640605.0
2008-09-08,1.3116339445114136,1.4087920188903809,1.2922029495239258,1.3310660123825073,59817951.0
2008-09-09,1.3116339445114136,1.3116339445114136,1.2931740283966064,1.2990039587020874,592642.0
2008-09-10,1.282973051071167,1.3257219791412354,1.254310965538025,1.2727710008621216,243829.0
2008-09-11,1.3067760467529297,1.3067760467529297,1.2630549669265747,1.264997959136963,95102.0
2008-09-12,1.2742279767990112,1.2907450199127197,1.2290500402450562,1.2611119747161865,314332.0
2008-09-15,1.2630549669265747,1.3116339445114136,1.120718002319336,1.3116339445114136,1050246.0
2008-09-16,1.2241920232772827,1.2824870347976685,1.15618097782135,1.233422040939331,809196.0
2008-09-17,1.2533390522003174,1.271314024925232,1.17221200466156,1.2144759893417358,7000649.0
2008-09-18,1.1192610263824463,1.2329360246658325,1.1192610263824463,1.2062180042266846,791802.0
2008-09-19,1.2183619737625122,1.2479959726333618,1.1673539876937866,1.1921299695968628,270898.0
2008-09-22,1.1960159540176392,1.2431379556655884,1.1853289604187012,1.1935869455337524,496716.0
2008-09-23,1.1853289604187012,1.2115609645843506,1.165897011756897,1.1780420541763306,140492.0
2008-09-24,1.2241920232772827,1.2436230182647705,1.165897011756897,1.1833850145339966,275118.0
2008-09-25,1.1610389947891235,1.20427405834198,1.1610389947891235,1.166869044303894,551060.0
2008-09-26,1.166869044303894,1.2620840072631836,1.1289769411087036,1.149865984916687,808681.0
2008-09-29,1.117318034172058,1.1270339488983154,1.026474952697754,1.0667959451675415,306819.0
2008-09-30,1.0211310386657715,1.1265480518341064,0.9910119771957397,1.060479998588562,226949.0
2008-10-01,1.061452031135559,1.1304340362548828,1.061452031135559,1.1032299995422363,120010.0
2008-10-03,1.117318034172058,1.117318034172058,1.0483360290527344,1.0740829706192017,197924.0
2008-10-06,1.0493069887161255,1.0493069887161255,0.9336889982223511,0.9599220156669617,780377.0
2008-10-07,0.9536060094833374,1.0303610563278198,0.9050269722938538,0.9205729961395264,212643.0
2008-10-08,0.9050269722938538,0.9050269722938538,0.7364580035209656,0.7364580035209656,3742558.0
2008-10-10,0.710224986076355,0.7141119837760925,0.6324989795684814,0.6898220181465149,948042.0
2008-10-13,0.6616460084915161,0.8277869820594788,0.6378430128097534,0.8277869820594788,2113873.0
2008-10-14,0.9696379899978638,0.9696379899978638,0.7578330039978027,0.8428459763526917,1099959.0
2008-10-15,0.7685199975967407,0.7976679801940918,0.7262560129165649,0.7461739778518677,422095.0
2008-10-16,0.7286850214004517,0.7860090136528015,0.6533880233764648,0.7034239768981934,423639.0
2008-10-17,0.7194550037384033,0.7476310133934021,0.6830210089683533,0.6927369832992554,204820.0
2008-10-20,0.699537992477417,0.7286850214004517,0.6592170000076294,0.6990519762039185,425183.0
2008-10-21,0.7830939888954163,0.7830939888954163,0.6465870141983032,0.66941899061203,817739.0
2008-10-22,0.7053670287132263,0.7053670287132263,0.6825349926948547,0.6907939910888672,94691.0
2008-10-23,0.7199410200119019,0.7199410200119019,0.6266689896583557,0.68545001745224,448547.0
2008-10-24,0.6985660195350647,0.7476310133934021,0.6412429809570312,0.6786490082740784,1139276.0
2008-10-27,0.7092540264129639,0.7966960072517395,0.5839200019836426,0.6708760261535645,970994.0
2008-10-29,0.7286850214004517,0.8258439898490906,0.680105984210968,0.7272279858589172,923134.0
2008-10-31,0.8064119815826416,0.8579059839248657,0.6907939910888672,0.7165409922599792,669218.0
2008-11-03,0.7767789959907532,0.7767789959907532,0.6946799755096436,0.696137011051178,468720.0
2008-11-04,0.6898220181465149,0.7087680101394653,0.6606749892234802,0.699537992477417,1173859.0
2008-11-05,0.7578330039978027,0.7578330039978027,0.6752480268478394,0.6757339835166931,1047364.0
2008-11-06,0.718970000743866,0.7510319948196411,0.6315270066261292,0.6869069933891296,2265379.0
2008-11-07,0.680105984210968,0.699537992477417,0.6703910231590271,0.6907939910888672,622181.0
2008-11-10,0.672819972038269,0.7092540264129639,0.6723340153694153,0.6932229995727539,4063684.0
2008-11-11,0.7092540264129639,0.7277140021324158,0.6606749892234802,0.7009950280189514,609007.0
2008-11-12,0.718970000743866,0.7194550037384033,0.6825349926948547,0.6966230273246765,163033.0
2008-11-14,0.7092540264129639,0.7092540264129639,0.6805920004844666,0.6859359741210938,153872.0
2008-11-17,0.699537992477417,0.699537992477417,0.6315270066261292,0.6718479990959167,301055.0
2008-11-18,0.6412429809570312,0.6786490082740784,0.629584014415741,0.6427000164985657,132773.0
2008-11-19,0.6315270066261292,0.6990519762039185,0.6315270066261292,0.6830210089683533,829266.0
2008-11-20,0.6509590148925781,0.7053670287132263,0.6461009979248047,0.7053670287132263,342637.0
2008-11-21,0.6898220181465149,0.7179980278015137,0.6509590148925781,0.7000240087509155,518021.0
2008-11-24,0.699537992477417,0.7228559851646423,0.699537992477417,0.7063390016555786,1386090.0
2008-11-25,0.7578330039978027,0.7578330039978027,0.6703910231590271,0.7379149794578552,641016.0
2008-11-26,0.7384009957313538,0.7626910209655762,0.7286850214004517,0.7558900117874146,249798.0
2008-11-27,0.7558900117874146,0.7558900117874146,0.7558900117874146,0.7558900117874146,0.0
2008-11-28,0.7481170296669006,0.7481170296669006,0.6883649826049805,0.7121689915657043,142859.0
2008-12-01,0.7165409922599792,0.7563760280609131,0.7082819938659668,0.7257710099220276,529857.0
2008-12-02,0.6898220181465149,0.7286850214004517,0.6752480268478394,0.7184839844703674,76576.0
2008-12-03,0.68545001745224,0.7393730282783508,0.68545001745224,0.7136260271072388,123201.0
2008-12-04,0.718970000743866,0.7481170296669006,0.6946799755096436,0.7053670287132263,150373.0
2008-12-05,0.6703910231590271,0.7063390016555786,0.666018009185791,0.6733049750328064,637929.0
2008-12-08,0.6752480268478394,0.7043960094451904,0.6752480268478394,0.6849640011787415,1571047.0
2008-12-10,0.6849640011787415,0.6849640011787415,0.6533880233764648,0.672819972038269,1925006.0
2008-12-11,0.7131400108337402,0.7131400108337402,0.6703910231590271,0.677191972732544,127627.0
2008-12-12,0.7505459785461426,0.7505459785461426,0.6767060160636902,0.6907939910888672,1206383.0
2008-12-15,0.6820499897003174,0.6990519762039185,0.5635169744491577,0.6412429809570312,17424173.0
2008-12-16,0.6237549781799316,0.6703910231590271,0.5931500196456909,0.6509590148925781,4480016.0
2008-12-17,0.6742770075798035,0.6742770075798035,0.6130669713020325,0.6232690215110779,984374.0
2008-12-18,0.6558169722557068,0.6558169722557068,0.599465012550354,0.6072379946708679,4006767.0
2008-12-19,0.613552987575531,0.6412429809570312,0.613552987575531,0.6256979703903198,667571.0
2008-12-22,0.6597030162811279,0.6597030162811279,0.6043230295181274,0.6116099953651428,2631792.0
2008-12-23,0.6315270066261292,0.6567879915237427,0.6062660217285156,0.6305559873580933,1857590.0
2008-12-24,0.6222969889640808,0.6461009979248047,0.6043230295181274,0.6125810146331787,613124.0
2008-12-26,0.5970360040664673,0.6509590148925781,0.5970360040664673,0.635899007320404,951953.0
2008-12-29,0.6096670031547546,0.6334699988365173,0.6096670031547546,0.6261839866638184,203688.0
2008-12-30,0.613552987575531,0.6388139724731445,0.613552987575531,0.63298499584198,393173.0
2008-12-31,0.6378430128097534,0.6456149816513062,0.6169540286064148,0.6222969889640808,509787.0
2009-01-02,0.6412429809570312,0.6684470176696777,0.6169540286064148,0.6310420036315918,1417380.0
2009-01-05,0.6412429809570312,0.6601889729499817,0.6315270066261292,0.6504729986190796,11205753.0
2009-01-06,0.6601889729499817,0.7073109745979309,0.6538739800453186,0.666018009185791,3128302.0
2009-01-07,0.6703910231590271,0.672819972038269,0.6023799777030945,0.6150100231170654,1662238.0
2009-01-09,0.6082090139389038,0.6145250201225281,0.5688599944114685,0.6048089861869812,959055.0
2009-01-12,0.647072970867157,0.6606749892234802,0.5742040276527405,0.5892639756202698,515036.0
2009-01-13,0.587805986404419,0.587805986404419,0.5635169744491577,0.5805190205574036,448958.0
2009-01-14,0.5732319951057434,0.6023799777030945,0.5732319951057434,0.5931500196456909,381954.0
2009-01-15,0.5946069955825806,0.649986982345581,0.5732319951057434,0.5800340175628662,5290447.0
2009-01-16,0.6067519783973694,0.6383280158042908,0.5756610035896301,0.5810049772262573,6514432.0
2009-01-19,0.583433985710144,0.6072379946708679,0.5751760005950928,0.5824620127677917,3020025.0
2009-01-20,0.5756610035896301,0.5926640033721924,0.5669170022010803,0.5742040276527405,3744823.0
2009-01-21,0.5620589852333069,0.5780900120735168,0.5620589852333069,0.5717750191688538,1427158.0
2009-01-22,0.5819770097732544,0.6072379946708679,0.5683749914169312,0.587805986404419,1147716.0
2009-01-23,0.5780900120735168,0.5950930118560791,0.558659017086029,0.5737180113792419,2624072.0
2009-01-27,0.5596299767494202,0.5732319951057434,0.5591449737548828,0.563031017780304,16393379.0
2009-01-28,0.572746992111206,0.6159819960594177,0.5387409925460815,0.572746992111206,1478208.0
2009-01-29,0.6023799777030945,0.6383280158042908,0.5538010001182556,0.5912070274353027,684554.0
2009-01-30,0.6023799777030945,0.6023799777030945,0.5640019774436951,0.5722609758377075,907283.0
2009-02-02,0.5732319951057434,0.5819770097732544,0.5538010001182556,0.5591449737548828,504229.0
2009-02-03,0.5635169744491577,0.5790619850158691,0.5246530175209045,0.5625450015068054,2060558.0
2009-02-04,0.5712890028953552,0.5829480290412903,0.5567160248756409,0.558659017086029,334403.0
2009-02-05,0.5572010278701782,0.5722609758377075,0.546999990940094,0.5625450015068054,1348420.0
2009-02-06,0.5542870163917542,0.5635169744491577,0.5440850257873535,0.5455420017242432,443915.0
2009-02-09,0.5440850257873535,0.5790619850158691,0.5440850257873535,0.5756610035896301,868275.0
2009-02-10,0.5829480290412903,0.5829480290412903,0.5460280179977417,0.5513719916343689,980978.0
2009-02-11,0.5499140024185181,0.5669170022010803,0.5445709824562073,0.5572010278701782,172502.0
2009-02-12,0.5678889751434326,0.5683749914169312,0.5513719916343689,0.5601159930229187,5029430.0
2009-02-13,0.5897489786148071,0.5897489786148071,0.5659459829330444,0.5824620127677917,1100679.0
2009-02-16,0.5805190205574036,0.5882920026779175,0.5567160248756409,0.5596299767494202,685995.0
2009-02-17,0.5868350267410278,0.6023799777030945,0.5460280179977417,0.5766329765319824,58055360.0
2009-02-18,0.5824620127677917,0.5965499877929688,0.5538010001182556,0.5654600262641907,1970910.0
2009-02-19,0.5732319951057434,0.5732319951057434,0.5499140024185181,0.5547720193862915,627636.0
2009-02-20,0.5853769779205322,0.5853769779205322,0.5489429831504822,0.5533149838447571,938778.0
2009-02-24,0.5445709824562073,0.5601159930229187,0.5392270088195801,0.5538010001182556,519565.0
2009-02-25,0.5732319951057434,0.5732319951057434,0.5397130250930786,0.5411700010299683,467485.0
2009-02-26,0.5601159930229187,0.5601159930229187,0.5343689918518066,0.5353410243988037,240741.0
2009-02-27,0.5518580079078674,0.563031017780304,0.5392270088195801,0.5601159930229187,529652.0
2009-03-02,0.5416560173034668,0.5610880255699158,0.5343689918518066,0.5348550081253052,320817.0
2009-03-03,0.5246530175209045,0.5343689918518066,0.5149379968643188,0.5188239812850952,92529.0
2009-03-04,0.5154229998588562,0.5445709824562073,0.5003640055656433,0.508135974407196,590377.0
2009-03-05,0.5343689918518066,0.5343689918518066,0.4959920048713684,0.49647799134254456,89956.0
2009-03-06,0.4955059885978699,0.5246530175209045,0.4828749895095825,0.4945339858531952,507729.0
2009-03-09,0.4857900142669678,0.49307700991630554,0.43963998556137085,0.4634439945220947,612918.0
2009-03-12,0.4566429853439331,0.49744901061058044,0.4532420039176941,0.48676198720932007,587701.0
2009-03-13,0.48093199729919434,0.5032789707183838,0.47704601287841797,0.4959920048713684,233639.0
2009-03-16,0.5091080069541931,0.5392270088195801,0.47898900508880615,0.4959920048713684,1969675.0
2009-03-17,0.4857900142669678,0.5338829755783081,0.4857900142669678,0.5299969911575317,767511.0
2009-03-18,0.49647799134254456,0.5295109748840332,0.4955059885978699,0.5227100253105164,3112452.0
2009-03-19,0.5236819982528687,0.5819770097732544,0.5105649828910828,0.5567160248756409,1122500.0
2009-03-20,0.5489429831504822,0.5805190205574036,0.5392270088195801,0.5717750191688538,739824.0
2009-03-23,0.5853769779205322,0.6864219903945923,0.5853769779205322,0.6864219903945923,4891304.0
2009-03-24,0.7257710099220276,0.8064119815826416,0.6917650103569031,0.7068250179290771,15055663.0
2009-03-25,0.7092540264129639,0.8238999843597412,0.7092540264129639,0.729656994342804,3468263.0
2009-03-26,0.7379149794578552,0.7384009957313538,0.6519309878349304,0.6606749892234802,1769795.0
2009-03-27,0.6679620146751404,0.699537992477417,0.6679620146751404,0.6907939910888672,2475346.0
2009-03-30,0.6509590148925781,0.6815639734268188,0.6363850235939026,0.6456149816513062,950821.0
2009-03-31,0.6373569965362549,0.6990519762039185,0.6198679804801941,0.6786490082740784,2251690.0
2009-04-01,0.6655330061912537,0.7374299764633179,0.6655330061912537,0.7014809846878052,648530.0
2009-04-02,0.7024530172348022,0.7578330039978027,0.7019670009613037,0.744717001914978,2512193.0
2009-04-06,0.7432590126991272,0.7578330039978027,0.7384009957313538,0.7418019771575928,437225.0
2009-04-08,0.6956520080566406,0.8054400086402893,0.6956520080566406,0.7923240065574646,902343.0
2009-04-09,0.7966960072517395,0.8010680079460144,0.752003014087677,0.7772639989852905,453178.0
2009-04-13,0.8209859728813171,0.8209859728813171,0.7772639989852905,0.7835800051689148,977581.0
2009-04-15,0.782122015953064,0.9404900074005127,0.7772639989852905,0.8943399786949158,2477919.0
2009-04-16,0.9516630172729492,0.971580982208252,0.8355590105056763,0.8438180088996887,1370549.0
2009-04-17,0.8452749848365784,0.9123139977455139,0.8064119815826416,0.8209859728813171,13555737.0
2009-04-20,0.7976679801940918,0.8452749848365784,0.7976679801940918,0.8200139999389648,647398.0
2009-04-21,0.7966960072517395,0.9021130204200745,0.7966960072517395,0.8773369789123535,1101091.0
2009-04-22,0.9132859706878662,0.9327170252799988,0.8613060116767883,0.8836529850959778,557030.0
2009-04-23,0.8263289928436279,0.9055129885673523,0.8263289928436279,0.8948259949684143,3079721.0
2009-04-24,0.8841379880905151,0.9327170252799988,0.8753939867019653,0.9045420289039612,1084109.0
2009-04-27,0.8744230270385742,0.9278600215911865,0.8744230270385742,0.9108570218086243,199365.0
2009-04-28,0.9084280133247375,0.9171720147132874,0.8841379880905151,0.9021130204200745,352518.0
2009-04-29,0.8987119793891907,0.9123139977455139,0.8661640286445618,0.8802520036697388,606948.0
2009-04-30,0.8792809844017029,0.8792809844017029,0.8792809844017029,0.8792809844017029,0.0
2009-05-04,0.9074559807777405,0.9618650078773499,0.8953120112419128,0.9283450245857239,827825.0
2009-05-05,0.8846240043640137,1.02161705493927,0.8846240043640137,0.9453480243682861,2668536.0
2009-05-06,0.9181439876556396,0.971580982208252,0.9132859706878662,0.9200869798660278,583996.0
2009-05-07,0.9618650078773499,0.9628369808197021,0.9230020046234131,0.9293169975280762,512772.0
2009-05-08,0.9234870076179504,0.9696379899978638,0.8841379880905151,0.923973023891449,430329.0
2009-05-11,0.9424329996109009,0.9424329996109009,0.8773369789123535,0.8865669965744019,702668.0
2009-05-12,0.8889960050582886,0.9317460060119629,0.8841379880905151,0.9137719869613647,445459.0
2009-05-13,0.9035699963569641,0.9230020046234131,0.8744230270385742,0.8812239766120911,538400.0
2009-05-14,0.893854022026062,0.9298030138015747,0.8647069931030273,0.9137719869613647,931265.0
2009-05-15,0.952148973941803,0.952148973941803,0.8987119793891907,0.9069709777832031,486011.0
2009-05-18,0.9069709777832031,0.9069709777832031,0.9069709777832031,0.9069709777832031,0.0
2009-05-19,0.9822679758071899,1.088655948638916,0.9234870076179504,1.088655948638916,3438827.0
2009-05-20,1.165897011756897,1.2630549669265747,1.1464649438858032,1.2295360565185547,11652139.0
2009-05-21,1.3009469509124756,1.3310660123825073,1.2193340063095093,1.2397370338439941,5012241.0
2009-05-22,1.2241920232772827,1.3019180297851562,1.2241920232772827,1.2654839754104614,2029372.0
2009-05-25,1.2922029495239258,1.3116339445114136,1.2241920232772827,1.2475099563598633,1342142.0
2009-05-26,1.2727710008621216,1.2727710008621216,1.1663830280303955,1.187757968902588,674467.0
2009-05-27,1.204759955406189,1.2922029495239258,1.204759955406189,1.2290500402450562,1865927.0
2009-05-28,1.2620840072631836,1.2708280086517334,1.204759955406189,1.2256489992141724,981904.0
2009-05-29,1.2436230182647705,1.348554015159607,1.2203060388565063,1.3475830554962158,4502968.0
2009-06-01,1.4447410106658936,1.482632040977478,1.4189939498901367,1.482632040977478,4945340.0
2009-06-02,1.5846489667892456,1.6312839984893799,1.5846489667892456,1.6312839984893799,1548609.0
2009-06-03,1.7128969430923462,1.7128969430923462,1.6915220022201538,1.7128969430923462,2090406.0
2009-06-04,1.7974250316619873,1.7983959913253784,1.632256031036377,1.6978379487991333,4580162.0
2009-06-05,1.710953950881958,1.7682770490646362,1.6133099794387817,1.7337859869003296,59569387.0
2009-06-08,1.8207429647445679,1.8207429647445679,1.671118974685669,1.715325951576233,17617157.0
2009-06-09,1.7012380361557007,1.7167840003967285,1.6298270225524902,1.6521730422973633,6382482.0
2009-06-10,1.7196979522705078,1.7196979522705078,1.5759040117263794,1.6060229539871216,1298398.0
2009-06-11,1.6060229539871216,1.62253999710083,1.5258680582046509,1.5448139905929565,3049256.0
2009-06-12,1.5545289516448975,1.5569579601287842,1.4680589437484741,1.5020639896392822,1571561.0
2009-06-15,1.4850610494613647,1.5773619413375854,1.4850610494613647,1.5501569509506226,3476600.0
2009-06-16,1.5156660079956055,1.5997079610824585,1.5059499740600586,1.559386968612671,5567213.0
2009-06-17,1.583677053451538,1.6128239631652832,1.5448139905929565,1.5525859594345093,1935813.0
2009-06-18,1.5525859594345093,1.5739610195159912,1.5166380405426025,1.555014967918396,3538767.0
2009-06-19,1.5642449855804443,1.5739610195159912,1.4772889614105225,1.5093510150909424,898946.0
2009-06-22,1.4787460565567017,1.5739610195159912,1.4670870304107666,1.5273250341415405,766688.0
2009-06-23,1.5350979566574097,1.5521010160446167,1.4510560035705566,1.4529989957809448,26930429.0
2009-06-24,1.4918630123138428,1.5258680582046509,1.4476560354232788,1.5103230476379395,1417174.0
2009-06-25,1.5156660079956055,1.5739610195159912,1.4981780052185059,1.5195529460906982,598714.0
2009-06-26,1.538983941078186,1.538983941078186,1.4865189790725708,1.5292680263519287,326683.0
2009-06-29,1.5725040435791016,1.5725040435791016,1.4865189790725708,1.5190670490264893,445459.0
2009-06-30,1.5059499740600586,1.5229530334472656,1.476802945137024,1.4879759550094604,203585.0
2009-07-01,1.476802945137024,1.559386968612671,1.4136500358581543,1.5375269651412964,1667590.0
2009-07-02,1.488461971282959,1.5642449855804443,1.4831180572509766,1.5083789825439453,389879.0
2009-07-03,1.5137230157852173,1.5253820419311523,1.4670870304107666,1.4933199882507324,259473.0
2009-07-06,1.4865189790725708,1.5448139905929565,1.4189939498901367,1.421908974647522,185059.0
2009-07-07,1.5234390497207642,1.5234390497207642,1.4010200500488281,1.4189939498901367,264311.0
2009-07-08,1.4087920188903809,1.4836039543151855,1.3223220109939575,1.4471700191497803,1175918.0
2009-07-09,1.412192940711975,1.4942909479141235,1.412192940711975,1.44862699508667,379381.0
2009-07-10,1.428223967552185,1.476802945137024,1.3801310062408447,1.4151079654693604,245064.0
2009-07-13,1.389361023902893,1.4233659505844116,1.3504970073699951,1.3606990575790405,471602.0
2009-07-14,1.3796449899673462,1.4476560354232788,1.3427250385284424,1.4427980184555054,542517.0
2009-07-15,1.4573709964752197,1.7313569784164429,1.4573709964752197,1.7313569784164429,7069403.0
2009-07-16,1.8071409463882446,1.8702930212020874,1.6157389879226685,1.6419719457626343,8256334.0
2009-07-17,1.6886080503463745,1.7585619688034058,1.6531449556350708,1.750303030014038,3270544.0
2009-07-20,1.7488460540771484,1.855720043182373,1.7114399671554565,1.7901380062103271,3158974.0
2009-07-21,1.7303860187530518,1.8071409463882446,1.7303860187530518,1.771191954612732,1276167.0
2009-07-22,1.7682770490646362,1.8022830486297607,1.6915220022201538,1.7823649644851685,1286562.0
2009-07-23,1.7585619688034058,1.806169033050537,1.7007520198822021,1.7245559692382812,1307250.0
2009-07-24,1.7488460540771484,1.7682770490646362,1.6808350086212158,1.7138689756393433,430329.0
2009-07-27,1.7488460540771484,1.860092043876648,1.6813210248947144,1.8445470333099365,4014177.0
2009-07-28,1.8474609851837158,1.9203300476074219,1.7692489624023438,1.8994410037994385,1096871.0
2009-07-29,1.904299020767212,1.9140150547027588,1.8362879753112793,1.8800090551376343,751867.0
2009-07-30,1.811998963356018,1.9130430221557617,1.811998963356018,1.8644640445709229,531504.0
2009-07-31,1.8848669528961182,1.9237300157546997,1.816856026649475,1.8474609851837158,969965.0
2009-08-03,1.8644640445709229,2.0791831016540527,1.8362879753112793,2.0505220890045166,3548956.0
2009-08-04,2.0597519874572754,2.181199073791504,2.0500359535217285,2.061695098876953,4280239.0
2009-08-05,2.0791831016540527,2.0966720581054688,2.0403199195861816,2.0748109817504883,318655.0
2009-08-06,2.0694680213928223,2.0986149311065674,2.0427489280700684,2.0495500564575195,674261.0
2009-08-07,2.0427489280700684,2.1083309650421143,1.9528779983520508,2.028661012649536,804667.0
2009-08-10,2.0694680213928223,2.0694680213928223,1.9140150547027588,1.9455909729003906,1454536.0
2009-08-11,1.9820250272750854,1.9820250272750854,1.8571770191192627,1.8824379444122314,329977.0
2009-08-12,1.8469749689102173,2.0519790649414062,1.7799359560012817,1.9519059658050537,843779.0
2009-08-13,1.9907690286636353,2.1083309650421143,1.9732810258865356,2.0791831016540527,1468122.0
2009-08-14,2.0412919521331787,2.0412919521331787,1.9645370244979858,1.9723089933395386,741780.0
2009-08-17,1.9917409420013428,2.0194311141967773,1.8566910028457642,1.8741799592971802,548487.0
2009-08-18,1.9426759481430054,2.0004849433898926,1.8819520473480225,1.9689090251922607,734369.0
2009-08-19,1.9650230407714844,1.9868830442428589,1.904299020767212,1.9232449531555176,172914.0
2009-08-20,1.943161964416504,1.9723089933395386,1.9334460496902466,1.944619059562683,393276.0
2009-08-21,1.904299020767212,1.9820250272750854,1.8960399627685547,1.9640510082244873,214495.0
2009-08-24,1.9528779983520508,2.037405014038086,1.9256739616394043,1.9417049884796143,499186.0
2009-08-25,1.926645040512085,1.9723089933395386,1.926645040512085,1.954820990562439,196998.0
2009-08-26,1.9528779983520508,1.9917409420013428,1.9251879453659058,1.9805680513381958,338932.0
2009-08-27,1.9436479806900024,2.0403199195861816,1.943161964416504,1.9436479806900024,185470.0
2009-08-28,1.9917409420013428,2.020888090133667,1.9237300157546997,1.944133996963501,1154921.0
2009-08-31,1.9237300157546997,2.0014569759368896,1.915958046913147,1.982511043548584,550957.0
2009-09-01,1.982996940612793,2.341510057449341,1.982996940612793,2.1617679595947266,6375071.0
2009-09-02,2.1471939086914062,2.2249209880828857,2.0014569759368896,2.118046998977661,1890732.0
2009-09-03,2.0991010665893555,2.2734999656677246,2.0991010665893555,2.174884080886841,10614964.0
2009-09-04,2.244352102279663,2.3220789432525635,2.1865429878234863,2.205003023147583,7416775.0
2009-09-07,2.244352102279663,2.244352102279663,2.1870288848876953,2.2093749046325684,1819096.0
2009-09-08,2.2326929569244385,2.234636068344116,2.1860570907592773,2.2074320316314697,2056338.0
2009-09-09,2.1685690879821777,2.21471905708313,2.103472948074341,2.126791000366211,2240677.0
2009-09-10,2.1530239582061768,2.1714839935302734,1.9625940322875977,2.006314992904663,3202408.0
2009-09-11,2.0743250846862793,2.0884130001068115,1.9485059976577759,2.012629985809326,1875087.0
2009-09-14,1.9917409420013428,2.0597519874572754,1.9917409420013428,2.038377046585083,908621.0
2009-09-15,2.020888090133667,2.1763410568237305,2.020888090133667,2.142822027206421,2671109.0
2009-09-16,2.1471939086914062,2.195772886276245,2.062180995941162,2.1156179904937744,1695689.0
2009-09-17,2.119503974914551,2.380373954772949,2.119503974914551,2.252610921859741,16447929.0
2009-09-18,2.2589259147644043,2.2589259147644043,2.1471939086914062,2.2088890075683594,1930667.0
2009-09-22,2.254067897796631,2.3308229446411133,2.1860570907592773,2.2016029357910156,2170688.0
2009-09-23,2.244352102279663,2.2812719345092773,2.094243049621582,2.1355350017547607,1603777.0
2009-09-24,2.1083309650421143,2.195772886276245,2.1083309650421143,2.1637110710144043,1146378.0
2009-09-25,2.1277620792388916,2.1928579807281494,2.1277620792388916,2.156909942626953,842852.0
2009-09-29,2.215204954147339,2.2628118991851807,2.156909942626953,2.2419230937957764,1520613.0
2009-09-30,2.1617679595947266,2.3507399559020996,2.1617679595947266,2.324022054672241,4230423.0
2009-10-01,2.3313090801239014,2.7889230251312256,2.3313090801239014,2.7826080322265625,58493615.0
2009-10-05,2.5518579483032227,2.8632490634918213,2.5518579483032227,2.7179980278015137,43317530.0
2009-10-06,2.788438081741333,2.788438081741333,2.545542001724243,2.618411064147949,9703151.0
2009-10-07,2.6621320247650146,2.8860819339752197,2.643671989440918,2.7145979404449463,17972043.0
2009-10-08,2.7592899799346924,2.7864949703216553,2.6529018878936768,2.6956520080566406,4714891.0
2009-10-09,2.738887071609497,2.794753074645996,2.6329851150512695,2.690308094024658,3039786.0
2009-10-12,2.7592899799346924,2.8418750762939453,2.7301430702209473,2.765605926513672,4368034.0
2009-10-13,2.762204885482788,2.762204885482788,2.762204885482788,2.762204885482788,0.0
2009-10-14,2.8156421184539795,3.2533390522003174,2.7602620124816895,3.161525011062622,84922079.0
2009-10-15,3.177069902420044,3.2669410705566406,2.90939998626709,2.987612009048462,73933291.0
2009-10-16,3.0119009017944336,3.0119009017944336,2.8467330932617188,2.8792810440063477,11817951.0
2009-10-20,2.914742946624756,2.9419479370117188,2.7534608840942383,2.778722047805786,5064630.0
2009-10-21,2.7690060138702393,2.8457610607147217,2.6718480587005615,2.738400936126709,11764945.0
2009-10-22,2.7583189010620117,2.764147996902466,2.6631040573120117,2.7024528980255127,6252076.0
2009-10-23,2.7592899799346924,2.7690060138702393,2.556230068206787,2.580518960952759,6244562.0
2009-10-26,2.613553047180176,2.8166139125823975,2.559144973754883,2.6524159908294678,11075141.0
2009-10-27,2.634927988052368,2.691279888153076,2.5358269214630127,2.649986982345581,6763716.0
2009-10-28,2.4493560791015625,2.686422109603882,2.4493560791015625,2.548456907272339,3289277.0
2009-10-29,2.516395092010498,2.603837013244629,2.4046630859375,2.5338830947875977,5218915.0
2009-10-30,2.613553047180176,2.6713619232177734,2.4483840465545654,2.5018210411071777,2579712.0
2009-11-03,2.459557056427002,2.611609935760498,2.459557056427002,2.53922700881958,3387055.0
2009-11-04,2.5931499004364014,2.6028659343719482,2.4998779296875,2.5338830947875977,2515075.0
2009-11-05,2.5275681018829346,2.5601160526275635,2.4891910552978516,2.5047359466552734,1721420.0
2009-11-06,2.5270819664001465,2.574690103530884,2.506679058074951,2.525139093399048,1934475.0
2009-11-09,2.5309689044952393,2.574690103530884,2.5309689044952393,2.5518579483032227,1477488.0
2009-11-10,2.580034017562866,2.5844058990478516,2.508136034011841,2.555743932723999,1330614.0
2009-11-11,3.033761978149414,3.033761978149414,2.516880989074707,2.5742039680480957,2501797.0
2009-11-12,2.5844058990478516,2.603837013244629,2.5358269214630127,2.5504000186920166,1102738.0
2009-11-13,2.56400203704834,2.6708760261535645,2.5377700328826904,2.624239921569824,2647128.0
2009-11-16,2.670391082763672,2.779207944869995,2.5844058990478516,2.722369909286499,3442944.0
2009-11-17,2.68253493309021,2.9827539920806885,2.68253493309021,2.9171719551086426,9561320.0
2009-11-18,2.9992709159851074,2.9992709159851074,2.8394460678100586,2.9113430976867676,3223816.0
2009-11-19,2.9108569622039795,3.0021860599517822,2.7806649208068848,2.8054399490356445,1788116.0
2009-11-20,2.7009949684143066,3.1090590953826904,2.7009949684143066,2.882680892944336,3403318.0
2009-11-23,2.9244589805603027,2.9438910484313965,2.85644793510437,2.875880002975464,821959.0
2009-11-24,2.837017059326172,2.875880002975464,2.778722047805786,2.7986390590667725,1550770.0
2009-11-25,2.811755895614624,2.85644793510437,2.7447168827056885,2.764147996902466,1403073.0
2009-11-26,2.741316080093384,2.85644793510437,2.741316080093384,2.8292438983917236,1980379.0
2009-11-27,2.7301430702209473,2.803010940551758,2.6723339557647705,2.7592899799346924,1613349.0
2009-11-30,2.8078689575195312,2.85644793510437,2.7213990688323975,2.801553964614868,1525966.0
2009-12-01,2.874907970428467,2.874907970428467,2.8122410774230957,2.851104974746704,1233761.0
2009-12-02,2.874907970428467,2.8855960369110107,2.827301025390625,2.8549909591674805,1626009.0
2009-12-03,2.8302159309387207,2.953605890274048,2.8302159309387207,2.938546895980835,2262394.0
2009-12-04,2.914742946624756,3.0371620655059814,2.914742946624756,2.993927001953125,3036905.0
2009-12-07,3.0313329696655273,3.128490924835205,2.9924700260162354,3.0060720443725586,1192180.0
2009-12-08,2.9691519737243652,3.0449349880218506,2.9691519737243652,2.9817819595336914,951747.0
2009-12-09,2.9341750144958496,3.0119009017944336,2.867136001586914,2.961379051208496,1045203.0
2009-12-10,2.9400041103363037,3.0119009017944336,2.9400041103363037,3.003643035888672,1163978.0
2009-12-11,3.0119009017944336,3.0604801177978516,2.9633219242095947,2.971095085144043,1421394.0
2009-12-14,2.9827539920806885,3.0119009017944336,2.8773369789123535,2.928344964981079,466456.0
2009-12-15,2.8953120708465576,2.9633219242095947,2.8515899181365967,2.8841381072998047,486011.0
2009-12-16,2.8389599323272705,2.9438910484313965,2.7592899799346924,2.9137721061706543,1079992.0
2009-12-17,2.8812239170074463,2.9633219242095947,2.8812239170074463,2.9196009635925293,603963.0
2009-12-18,2.9244589805603027,3.041049003601074,2.896282911300659,2.986154079437256,3725782.0
2009-12-21,3.0216169357299805,3.1080880165100098,2.896282911300659,3.0293900966644287,5479315.0
2009-12-22,3.0221030712127686,3.089627981185913,3.0216169357299805,3.059509038925171,2014139.0
2009-12-23,3.0701959133148193,3.09934401512146,3.0609660148620605,3.092542886734009,1227483.0
2009-12-24,3.09934401512146,3.138206958770752,3.0604801177978516,3.1100308895111084,1634551.0
2009-12-29,3.1090590953826904,3.167354106903076,3.105659008026123,3.1566669940948486,1982438.0
2009-12-30,3.1586101055145264,3.2154479026794434,3.113431930541992,3.2047600746154785,2004670.0
2009-12-31,3.2062180042266846,3.2450809478759766,3.178041934967041,3.2057321071624756,3001910.0
2010-01-04,3.232450008392334,3.350982904434204,3.232450008392334,3.3334949016571045,4660649.0
2010-01-05,3.401020050048828,3.407335042953491,3.264512062072754,3.311147928237915,3187793.0
2010-01-06,3.313091993331909,3.410249948501587,3.256740093231201,3.3587560653686523,1928814.0
2010-01-07,3.399561882019043,3.399561882019043,3.2936599254608154,3.338352918624878,1388767.0
2010-01-08,3.3432109355926514,3.48797607421875,3.327178955078125,3.399075984954834,3126964.0
2010-01-11,3.458828926086426,3.497692108154297,3.4151079654693604,3.485060930252075,3920310.0
2010-01-12,3.5657029151916504,3.6667470932006836,3.2669410705566406,3.353898048400879,22134432.0
2010-01-13,3.3752729892730713,3.4151079654693604,3.147922992706299,3.177069902420044,4801039.0
2010-01-14,3.2071890830993652,3.3228070735931396,3.2071890830993652,3.2620840072631836,2555216.0
2010-01-15,3.215933084487915,3.313091993331909,3.215933084487915,3.2936599254608154,1191356.0
2010-01-18,3.3310658931732178,3.4374539852142334,3.2547969818115234,3.3951900005340576,3208172.0
2010-01-19,3.3811020851135254,3.439397096633911,3.264512062072754,3.2946319580078125,649765.0
2010-01-20,3.3713860511779785,3.3713860511779785,3.255281925201416,3.296088933944702,748573.0
2010-01-21,3.360698938369751,3.360698938369751,3.177069902420044,3.1974730491638184,1419644.0
2010-01-22,3.1586101055145264,3.291717052459717,2.9735240936279297,3.200387954711914,2024431.0
2010-01-25,3.0701959133148193,3.259654998779297,3.0701959133148193,3.1746408939361572,704007.0
2010-01-27,3.1576390266418457,3.1741549968719482,3.0604801177978516,3.079911947250366,999195.0
2010-01-28,3.0711679458618164,3.1576390266418457,2.9633219242095947,3.0876851081848145,1756415.0
2010-01-29,3.016758918762207,3.0604801177978516,2.953605890274048,2.997328042984009,2996661.0
2010-02-01,3.020159959793091,3.0313329696655273,2.994899034500122,3.0085010528564453,880729.0
2010-02-02,3.3811020851135254,3.3811020851135254,2.914742946624756,2.9336891174316406,2326207.0
2010-02-03,3.049793004989624,3.049793004989624,2.896282911300659,2.954577922821045,1075360.0
2010-02-04,2.9346609115600586,2.962351083755493,2.8953120708465576,2.906485080718994,1218734.0
2010-02-05,2.8515899181365967,2.9341750144958496,2.837017059326172,2.857419967651367,1142982.0
2010-02-08,2.8326449394226074,2.8855960369110107,2.7986390590667725,2.8219571113586426,849234.0
2010-02-09,2.8321590423583984,3.0021860599517822,2.817584991455078,2.880251884460449,966671.0
2010-02-10,2.85644793510437,2.9633219242095947,2.84041690826416,2.8583920001983643,640090.0
2010-02-11,2.853048086166382,2.9040560722351074,2.817584991455078,2.835073947906494,553118.0
2010-02-15,2.8642210960388184,2.9040560722351074,2.7699780464172363,2.8000969886779785,471808.0
2010-02-16,2.8190419673919678,2.8467330932617188,2.771920919418335,2.826814889907837,653264.0
2010-02-17,2.914742946624756,3.2693700790405273,2.876365900039673,3.0085010528564453,22969772.0
2010-02-18,3.0119009017944336,3.041049003601074,2.896282911300659,2.9273738861083984,2947360.0
2010-02-19,2.905998945236206,2.9730379581451416,2.867136001586914,2.892396926879883,2969489.0
2010-02-22,3.0119009017944336,3.0119009017944336,2.8613059520721436,2.8715078830718994,1238908.0
2010-02-23,2.8477039337158203,2.905026912689209,2.8477039337158203,2.891911029815674,665615.0
2010-02-24,2.881709098815918,2.8855960369110107,2.818557024002075,2.836045026779175,523373.0
2010-02-25,2.8467330932617188,2.905026912689209,2.7505459785461426,2.770462989807129,2471538.0
2010-02-26,2.747144937515259,3.0604801177978516,2.747144937515259,2.9181439876556396,13283088.0
2010-03-02,2.9341750144958496,3.1464650630950928,2.9341750144958496,3.057080030441284,6508462.0
2010-03-03,3.1576390266418457,3.167354106903076,3.0604801177978516,3.121203899383545,3357207.0
2010-03-04,3.1197469234466553,3.151323080062866,3.089627981185913,3.1090590953826904,1498485.0
2010-03-05,3.1556949615478516,3.1576390266418457,3.0619380474090576,3.13140606880188,1145864.0
2010-03-08,3.177069902420044,3.2062180042266846,3.1095449924468994,3.1168320178985596,971509.0
2010-03-09,3.145979881286621,3.1576390266418457,3.065337896347046,3.1333489418029785,1722141.0
2010-03-10,3.138206958770752,3.1663830280303955,3.0905990600585938,3.120718002319336,695155.0
2010-03-11,3.114888906478882,3.144036054611206,3.0119009017944336,3.0376479625701904,1418924.0
2010-03-12,3.059509038925171,3.1333489418029785,3.0313329696655273,3.1071159839630127,1279769.0
2010-03-15,3.062908887863159,3.121203899383545,3.0119009017944336,3.039591073989868,463059.0
2010-03-16,3.0381340980529785,3.0871989727020264,2.9978129863739014,3.0293900966644287,341299.0
2010-03-17,3.09934401512146,3.09934401512146,3.0148160457611084,3.0444490909576416,283352.0
2010-03-18,3.1576390266418457,3.1576390266418457,3.0221030712127686,3.036190986633301,359722.0
2010-03-19,3.0313329696655273,3.0847699642181396,3.0216169357299805,3.0230751037597656,430020.0
2010-03-22,2.9730379581451416,3.050765037536621,2.9730379581451416,3.018217086791992,1214309.0
2010-03-23,3.0701959133148193,3.0701959133148193,2.964293956756592,2.9803249835968018,1010620.0
2010-03-25,2.9633219242095947,2.9633219242095947,2.9438910484313965,2.9599220752716064,933529.0
2010-03-26,2.9730379581451416,3.1163458824157715,2.9579789638519287,3.0444490909576416,4393250.0
2010-03-29,3.065337896347046,3.1950440406799316,3.0313329696655273,3.0643670558929443,2548628.0
2010-03-30,3.089627981185913,3.186785936355591,3.0769970417022705,3.1425790786743164,1651843.0
2010-03-31,3.147922992706299,3.1576390266418457,3.07602596282959,3.112459897994995,605404.0
2010-04-01,3.079911947250366,3.177069902420044,3.079911947250366,3.1644399166107178,1300869.0
2010-04-05,3.1746408939361572,3.2353649139404297,3.1352920532226562,3.203303098678589,1372916.0
2010-04-06,3.2547969818115234,3.28200101852417,3.1629819869995117,3.219820022583008,791390.0
2010-04-07,3.2518820762634277,3.274228096008301,3.2154479026794434,3.262568950653076,1244157.0
2010-04-08,3.220305919647217,3.2751998901367188,3.220305919647217,3.2455670833587646,2729159.0
2010-04-09,3.2839438915252686,3.313091993331909,3.2071890830993652,3.2708280086517334,1722758.0
2010-04-12,3.2926878929138184,3.449112892150879,3.2747139930725098,3.425795078277588,4504203.0
2010-04-13,3.4015049934387207,3.5258679389953613,3.3334949016571045,3.43259596824646,3909914.0
2010-04-15,3.449112892150879,3.449112892150879,3.3427250385284424,3.354383945465088,2337015.0
2010-04-16,3.313091993331909,3.623997926712036,3.313091993331909,3.5797910690307617,11584208.0
2010-04-19,3.551129102706909,3.710468053817749,3.40053391456604,3.642457962036133,6112921.0
2010-04-20,3.663347005844116,3.88146710395813,3.6628611087799072,3.7488460540771484,21031488.0
2010-04-21,3.786252021789551,3.9125568866729736,3.711440086364746,3.884381055831909,7324143.0
2010-04-22,3.886323928833008,3.9315030574798584,3.799367904663086,3.9154720306396484,5245160.0
2010-04-23,3.9251880645751953,3.973767042160034,3.8494040966033936,3.9470479488372803,2087421.0
2010-04-26,3.9635651111602783,4.022346019744873,3.8974978923797607,3.9693949222564697,1966793.0
2010-04-27,3.9873690605163574,4.118532180786133,3.9290740489959717,4.076269149780273,3629238.0
2010-04-28,4.03206205368042,4.153024196624756,3.973767042160034,4.085984230041504,5652023.0
2010-04-29,3.9839680194854736,4.148651123046875,3.9839680194854736,4.135048866271973,3043389.0
2010-04-30,4.187028884887695,4.333251953125,4.082098007202148,4.166140079498291,3484320.0
2010-05-03,4.166140079498291,4.2555251121521,3.845518112182617,4.136507034301758,8569638.0
2010-05-04,4.187514781951904,4.234635829925537,4.090356826782227,4.1156182289123535,2265173.0
2010-05-05,4.03206205368042,4.762691020965576,3.9931979179382324,4.297789096832275,47082423.0
2010-05-06,4.304103851318359,4.345396995544434,4.161767959594727,4.197716236114502,6508359.0
2010-05-07,3.983483076095581,4.171968936920166,3.8960399627685547,4.133106231689453,2737599.0
2010-05-10,4.0330328941345215,4.418750762939453,4.0330328941345215,4.234635829925537,9214154.0
2010-05-11,4.299246788024902,4.367257118225098,4.111246109008789,4.1705121994018555,9118949.0
2010-05-12,4.226377964019775,4.352683067321777,4.198202133178711,4.254067897796631,6673965.0
2010-05-13,4.273984909057617,4.720912933349609,4.226377964019775,4.621325969696045,50475449.0
2010-05-14,4.683021068572998,4.906485080718994,4.577118873596191,4.781637191772461,46108238.0
2010-05-17,4.685935974121094,4.955063819885254,4.615009784698486,4.798638820648193,13133435.0
2010-05-18,4.857905864715576,4.906485080718994,4.663589000701904,4.692737102508545,4620612.0
2010-05-19,4.692737102508545,4.692737102508545,4.4386677742004395,4.604322910308838,21748670.0
2010-05-20,4.615009784698486,4.712169170379639,4.478989124298096,4.587806224822998,3477218.0
2010-05-21,4.565460205078125,4.624725818634033,4.444983959197998,4.6125807762146,39619434.0
2010-05-24,4.533398151397705,4.63444185256958,4.279815196990967,4.389604091644287,2036988.0
2010-05-25,4.28467321395874,4.342967987060547,4.082583904266357,4.209860801696777,2093288.0
2010-05-26,4.168083190917969,4.435267925262451,4.168083190917969,4.380373954772949,3313979.0
2010-05-27,4.440125942230225,4.508135795593262,4.298760890960693,4.481904029846191,1386399.0
2010-05-28,4.566431045532227,4.5950927734375,4.353654861450195,4.497934818267822,929618.0
2010-05-31,4.479960918426514,4.497448921203613,4.324508190155029,4.434296131134033,1221410.0
2010-06-01,4.517851829528809,4.606751918792725,4.459557056427002,4.565460205078125,2354306.0
2010-06-02,4.517851829528809,4.615009784698486,4.517851829528809,4.572260856628418,1521849.0
2010-06-03,4.58586311340332,4.615009784698486,4.470244884490967,4.533883094787598,1657401.0
2010-06-04,4.53922700881958,4.643186092376709,4.470244884490967,4.614038944244385,3982888.0
2010-06-07,4.762691020965576,4.762691020965576,4.46878719329834,4.474617004394531,1034396.0
2010-06-08,4.474131107330322,4.613553047180176,4.420693874359131,4.4459547996521,1183122.0
2010-06-09,4.510564804077148,4.702453136444092,4.510564804077148,4.612095832824707,12589271.0
2010-06-10,4.643186092376709,4.643186092376709,4.558659076690674,4.614524841308594,3031655.0
2010-06-11,4.63444185256958,4.663589000701904,4.508135795593262,4.516880989074707,1134645.0
2010-06-14,4.613067150115967,4.613067150115967,4.500850200653076,4.547970771789551,1024618.0
2010-06-15,4.565946102142334,4.644157886505127,4.537283897399902,4.618411064147949,3645294.0
2010-06-16,4.662618160247803,4.662618160247803,4.576147079467773,4.613067150115967,4531376.0
2010-06-17,4.615009784698486,4.624239921569824,4.528054237365723,4.614524841308594,12383936.0
2010-06-18,4.566431045532227,4.615009784698486,4.556715965270996,4.614038944244385,10859102.0
2010-06-21,4.615009784698486,4.624725818634033,4.595579147338867,4.614524841308594,8090728.0
2010-06-22,4.613553047180176,4.618411064147949,4.595579147338867,4.615009784698486,5110740.0
2010-06-23,4.58586311340332,4.615009784698486,4.58586311340332,4.613067150115967,677452.0
2010-06-24,4.615009784698486,4.615009784698486,4.606751918792725,4.615009784698486,5038693.0
2010-06-25,4.615009784698486,4.663589000701904,4.573232173919678,4.6125807762146,2052118.0
2010-06-28,4.595579147338867,4.615009784698486,4.537769794464111,4.573718070983887,3368426.0
2010-06-29,4.604808807373047,4.615009784698486,4.490161895751953,4.519309997558594,1513512.0
2010-06-30,4.469273090362549,4.615009784698486,4.469273090362549,4.613067150115967,3792477.0
2010-07-01,4.566431045532227,4.604322910308838,4.459557056427002,4.497448921203613,2336088.0
2010-07-02,4.493563175201416,4.7102251052856445,4.4556708335876465,4.5994648933410645,8915157.0
2010-07-05,4.61063814163208,4.992469787597656,4.576632976531982,4.794267177581787,30095681.0
2010-07-06,4.847218036651611,4.945347785949707,4.780664920806885,4.8943400382995605,20670427.0
2010-07-07,5.003643035888672,5.003643035888672,4.838473796844482,4.905512809753418,6638662.0
2010-07-08,4.935632228851318,4.954577922821045,4.848189830780029,4.922515869140625,4557004.0
2010-07-09,4.9210591316223145,5.081368923187256,4.888024806976318,4.956035137176514,27499604.0
2010-07-12,4.974494934082031,5.240708827972412,4.956035137176514,4.991012096405029,13399908.0
2010-07-13,5.003643035888672,5.227107048034668,5.003643035888672,5.18678617477417,5686297.0
2010-07-14,5.2455668449401855,5.343696117401123,5.102258205413818,5.200873851776123,11430850.0
2010-07-15,5.200873851776123,5.214962005615234,5.10080099105835,5.152295112609863,3086617.0
2010-07-16,5.152295112609863,5.40199089050293,5.1338348388671875,5.291717052459717,10273355.0
2010-07-19,4.893367767333984,5.439396858215332,4.893367767333984,5.341753005981445,5684136.0
2010-07-20,5.377702236175537,5.411706924438477,5.120233058929443,5.265970230102539,3857217.0
2010-07-21,5.275685787200928,5.419479846954346,5.227107048034668,5.344667911529541,36459740.0
2010-07-22,5.391304016113281,5.473887920379639,5.207674980163574,5.2217631340026855,4384707.0
2010-07-23,5.333008766174316,5.333008766174316,5.073111057281494,5.114889144897461,3621621.0
2010-07-26,4.796209812164307,5.3432111740112305,4.796209812164307,5.255767822265625,4681029.0
2010-07-27,5.263054847717285,5.363128185272217,5.174641132354736,5.319892883300781,5393578.0
2010-07-28,5.343696117401123,5.576876163482666,5.200873851776123,5.361185073852539,11521115.0
2010-07-29,5.296089172363281,5.518580913543701,5.296089172363281,5.478745937347412,4572237.0
2010-07-30,5.4612579345703125,5.621082782745361,5.363128185272217,5.528296947479248,11559095.0
2010-08-02,5.595821857452393,5.712896823883057,5.365070819854736,5.582705020904541,3608138.0
2010-08-03,5.625454902648926,5.674034118652344,5.500121116638184,5.5331549644470215,3025892.0
2010-08-04,5.606022834777832,5.674034118652344,5.441825866699219,5.639057159423828,4147157.0
2010-08-05,5.674034118652344,5.674034118652344,5.586592197418213,5.603593826293945,4295574.0
2010-08-06,5.547728061676025,5.819770812988281,5.547728061676025,5.726014137268066,12516297.0
2010-08-09,5.780908107757568,6.062665939331055,5.76439094543457,5.92372989654541,16778113.0
2010-08-10,5.945590972900391,5.975224018096924,5.780908107757568,5.85814905166626,4353418.0
2010-08-11,5.829486846923828,6.062665939331055,5.813456058502197,5.903326988220215,6619003.0
2010-08-12,5.709011077880859,5.993683815002441,5.709011077880859,5.935389041900635,2321988.0
2010-08-13,5.965507984161377,5.993197917938232,5.800825119018555,5.832402229309082,2214740.0
2010-08-16,5.89749813079834,6.1666259765625,5.734272003173828,5.9718241691589355,5998057.0
2010-08-17,5.887782096862793,6.1384501457214355,5.829973220825195,5.945590972900391,2837436.0
2010-08-18,6.043234825134277,6.062665939331055,5.887782096862793,5.940247058868408,1917286.0
2010-08-19,5.975224018096924,6.116103172302246,5.90721321105957,5.967452049255371,2546570.0
2010-08-20,5.879037857055664,6.2657270431518555,5.868350028991699,6.169539928436279,7378487.0
2010-08-23,6.237551212310791,6.461015224456787,6.141849994659424,6.257954120635986,8201269.0
2010-08-24,6.27738618850708,6.363856792449951,6.03934907913208,6.136021137237549,3635311.0
2010-08-25,6.206460952758789,6.206460952758789,5.8508620262146,6.020402908325195,6440326.0
2010-08-26,6.0043721199035645,6.266698837280273,5.926644802093506,6.214718818664551,7597511.0
2010-08-27,6.24726676940918,6.314792156219482,5.9460768699646,5.991254806518555,4284973.0
2010-08-30,6.014087200164795,6.149622917175293,5.878066062927246,5.935874938964844,4095591.0
2010-08-31,5.752731800079346,6.0714111328125,5.752731800079346,5.959679126739502,4623905.0
2010-09-01,5.890697002410889,6.169054985046387,5.890697002410889,6.100557804107666,6192070.0
2010-09-02,6.1209611892700195,6.422152042388916,6.103959083557129,6.251638889312744,13236360.0
2010-09-03,6.3055620193481445,6.461015224456787,6.251638889312744,6.365799903869629,10405408.0
2010-09-06,6.412436008453369,6.791351795196533,6.3832879066467285,6.755403995513916,19311097.0
2010-09-07,6.762205123901367,7.588048934936523,6.619382858276367,7.181441783905029,214860569.0
2010-09-08,7.168325901031494,7.432596206665039,7.094486236572266,7.262568950653076,15348484.0
2010-09-09,7.286859035491943,7.663832187652588,7.286859035491943,7.405392169952393,157032775.0
2010-09-13,7.442311763763428,7.558901786804199,7.308234214782715,7.404905796051025,9550101.0
2010-09-14,7.469515800476074,7.469515800476074,7.286859035491943,7.342238903045654,6516490.0
2010-09-15,7.3723578453063965,7.481174945831299,7.247995853424072,7.381587982177734,28223887.0
2010-09-16,7.38450288772583,7.944619178771973,7.160552978515625,7.579305171966553,30064907.0
2010-09-17,7.724070072174072,7.910614013671875,7.59776496887207,7.653631210327148,7960322.0
2010-09-20,7.665775775909424,7.959679126739502,7.665775775909424,7.761476039886475,9918367.0
2010-09-21,7.761476039886475,7.8600921630859375,6.898225784301758,7.508378982543945,5027989.0
2010-09-22,7.558901786804199,7.578332901000977,7.347096920013428,7.519553184509277,5224884.0
2010-09-23,7.393733024597168,7.558901786804199,7.393733024597168,7.481174945831299,5187420.0
2010-09-24,7.364584922790527,7.625940799713135,7.364584922790527,7.537041187286377,6627855.0
2010-09-27,7.396162033081055,7.819284915924072,7.396162033081055,7.707067966461182,10726946.0
2010-09-28,7.535098075866699,7.879522800445557,7.384016990661621,7.71046781539917,5473860.0
2010-09-29,7.578332901000977,7.821228981018066,7.481174945831299,7.525867938995361,2676050.0
2010-09-30,7.529754161834717,7.611853122711182,7.4447407722473145,7.5156660079956055,1785748.0
2010-10-01,7.413164138793945,7.746417045593262,7.386445999145508,7.52926778793335,3699227.0
2010-10-04,7.656060218811035,7.724070072174072,7.529754161834717,7.611367225646973,3207143.0
2010-10-05,7.530725955963135,7.656060218811035,7.501092910766602,7.56861686706543,3308112.0
2010-10-06,7.8892388343811035,7.8892388343811035,7.5103230476379395,7.767305850982666,7120042.0
2010-10-07,7.685206890106201,7.840660095214844,7.560844898223877,7.615738868713379,3920722.0
2010-10-08,7.578332901000977,7.76293420791626,7.544814109802246,7.571045875549316,2064675.0
2010-10-11,7.602622985839844,7.753218173980713,7.602622985839844,7.710954189300537,1728934.0
2010-10-12,7.598735809326172,7.8110270500183105,7.598735809326172,7.754674911499023,2305725.0
2010-10-13,7.685206890106201,7.821228981018066,7.685206890106201,7.749331951141357,3760982.0
2010-10-14,7.753218173980713,7.840660095214844,7.753218173980713,7.825115203857422,4848590.0
2010-10-15,7.724070072174072,7.830944061279297,7.598250865936279,7.625940799713135,1524216.0
2010-10-18,7.76293420791626,7.76293420791626,7.238279819488525,7.383531093597412,6601300.0
2010-10-19,7.529754161834717,7.529754161834717,7.257710933685303,7.298518180847168,5363318.0
2010-10-20,7.384016990661621,7.529754161834717,7.354869842529297,7.440369129180908,2741510.0
2010-10-21,7.481174945831299,7.52003812789917,7.461742877960205,7.496719837188721,2481110.0
2010-10-22,7.5491862297058105,7.5491862297058105,7.481174945831299,7.509350776672363,907180.0
2010-10-25,7.500607013702393,7.745931148529053,7.481174945831299,7.687150001525879,1874161.0
2010-10-26,7.656060218811035,7.752245903015137,7.531696796417236,7.616711139678955,915826.0
2010-10-27,7.619140148162842,7.674034118652344,7.481174945831299,7.552586078643799,762571.0
2010-10-28,7.490890979766846,7.578332901000977,7.482147216796875,7.487005233764648,593774.0
2010-10-29,7.466115951538086,7.675490856170654,7.187757968902588,7.524409770965576,3793197.0
2010-11-01,7.675490856170654,7.782364845275879,7.592906951904297,7.759047031402588,2314062.0
2010-11-02,7.821228981018066,8.141850471496582,7.76293420791626,7.834831237792969,16316803.0
2010-11-03,7.869808197021484,7.953848838806152,7.724070072174072,7.7653632164001465,2232134.0
2010-11-04,7.631770133972168,7.887296199798584,7.631770133972168,7.872722148895264,1701659.0
2010-11-08,7.8887529373168945,7.9378180503845215,7.7877092361450195,7.861548900604248,1366226.0
2010-11-09,7.801796913146973,8.044692039489746,7.801796913146973,7.926158905029297,3540928.0
2010-11-10,7.869808197021484,8.004857063293457,7.850376129150391,7.868835926055908,2564685.0
2010-11-11,7.8892388343811035,7.908670902252197,7.636628150939941,7.732814788818359,4061317.0
2010-11-12,7.732814788818359,7.753218173980713,7.530725955963135,7.6050519943237305,3615137.0
2010-11-15,7.558901786804199,7.7716779708862305,7.558901786804199,7.593392848968506,2192508.0
2010-11-16,7.579305171966553,7.7226128578186035,7.297545909881592,7.564731121063232,3688214.0
2010-11-18,7.753218173980713,7.753218173980713,7.150836944580078,7.503520965576172,1673869.0
2010-11-19,7.48068904876709,7.645371913909912,7.288315773010254,7.399561882019043,1518452.0
2010-11-22,7.384016990661621,7.539470195770264,7.306290149688721,7.421422958374023,1103767.0
2010-11-23,7.432596206665039,7.500607013702393,7.316006183624268,7.424822807312012,1170566.0
2010-11-24,7.354869842529297,7.525382041931152,7.335437774658203,7.36992883682251,897711.0
2010-11-25,7.393733024597168,7.393733024597168,7.0444488525390625,7.137721061706543,1919345.0
2010-11-26,7.082827091217041,7.209132194519043,6.315278053283691,7.093999862670898,5515441.0
2010-11-29,7.093999862670898,7.093999862670898,6.569831848144531,6.933203220367432,4489794.0
2010-11-30,6.859363079071045,6.994412899017334,6.762205123901367,6.87247896194458,935897.0
2010-12-01,6.898225784301758,7.1100311279296875,6.898225784301758,6.930288791656494,1017825.0
2010-12-02,6.975953102111816,7.26742696762085,6.921544075012207,7.207674980163574,1160994.0
2010-12-03,7.209132194519043,7.209132194519043,6.898225784301758,6.994898796081543,638649.0
2010-12-06,7.04396390914917,7.073111057281494,6.849647045135498,6.870535850524902,465015.0
2010-12-07,7.082827091217041,7.082827091217041,6.461015224456787,6.526597023010254,6705769.0
2010-12-08,6.558173179626465,6.6164679527282715,6.412436008453369,6.510079860687256,2567567.0
2010-12-09,6.703423976898193,6.703423976898193,6.208404064178467,6.422152042388916,6895769.0
2010-12-10,6.701966762542725,6.791351795196533,6.140392780303955,6.679134845733643,1257331.0
2010-12-13,6.677192211151123,6.8885111808776855,6.434296131134033,6.787951946258545,716666.0
2010-12-14,6.839931011199951,6.8953118324279785,6.635899066925049,6.8545050621032715,588319.0
2010-12-15,6.723341941833496,6.80106782913208,6.620354175567627,6.708767890930176,179809.0
2010-12-16,6.771921157836914,6.771921157836914,6.626668930053711,6.684964179992676,125156.0
2010-12-20,6.6650471687316895,6.790866851806641,6.558173179626465,6.684477806091309,964510.0
2010-12-21,6.655331134796143,6.781637191772461,6.588292121887207,6.648044109344482,939396.0
2010-12-22,6.635899066925049,6.750545978546143,6.606751918792725,6.623269081115723,424874.0
2010-12-23,6.733057975769043,6.830215930938721,6.640757083892822,6.814670085906982,1447537.0
2010-12-24,6.707796096801758,6.830215930938721,6.684964179992676,6.733057975769043,1377548.0
2010-12-27,6.801554203033447,6.8885111808776855,6.656787872314453,6.694680213928223,477983.0
2010-12-28,6.800581932067871,6.895796775817871,6.753946781158447,6.800581932067871,1955575.0
2010-12-29,6.849647045135498,6.8885111808776855,6.689335823059082,6.792324066162109,1663679.0
2010-12-30,6.8486762046813965,6.849647045135498,6.80106782913208,6.838473796844482,675496.0
2010-12-31,6.839931011199951,6.869079113006592,6.8000969886779785,6.836044788360596,2265893.0
2011-01-03,6.983240127563477,6.983240127563477,6.834102153778076,6.847218036651611,1299325.0
2011-01-04,6.849647045135498,7.131405830383301,6.763176918029785,6.804955005645752,5865489.0
2011-01-05,6.733057975769043,6.896769046783447,6.733057975769043,6.7767791748046875,20950486.0
2011-01-06,6.8885111808776855,6.947290897369385,6.655817031860352,6.691764831542969,1019780.0
2011-01-07,6.655331134796143,6.703909873962402,6.363856792449951,6.4090352058410645,1279357.0
2011-01-10,6.316248893737793,6.5776047706604,6.02477502822876,6.255040168762207,3627282.0
2011-01-11,6.130677223205566,6.314792156219482,6.130677223205566,6.175856113433838,1987172.0
2011-01-12,6.173427104949951,6.266698837280273,6.173427104949951,6.257954120635986,224170.0
2011-01-13,6.19868803024292,6.315278053283691,6.142335891723633,6.219090938568115,609521.0
2011-01-14,6.146222114562988,6.291959762573242,5.9839677810668945,6.150108814239502,1427158.0
2011-01-17,6.083069801330566,6.266698837280273,6.023803234100342,6.160309791564941,736840.0
2011-01-18,6.169539928436279,6.45129919052124,6.052950859069824,6.329851150512695,15012331.0
2011-01-19,6.393003940582275,6.4585862159729,6.092785835266113,6.130190849304199,1706187.0
2011-01-20,6.0043721199035645,6.19868803024292,5.879037857055664,6.046635150909424,1667796.0
2011-01-21,6.111246109008789,6.168569087982178,6.086956024169922,6.114645957946777,399863.0
2011-01-24,6.132619857788086,6.266698837280273,6.091814041137695,6.233179092407227,401716.0
2011-01-25,6.334709167480469,6.363856792449951,6.0043721199035645,6.030603885650635,849645.0
2011-01-27,6.024289131164551,6.091814041137695,5.919844150543213,5.937333106994629,584716.0
2011-01-28,5.926644802093506,5.926644802093506,5.597279071807861,5.746417045593262,1526583.0
2011-01-31,5.73232889175415,5.926644802093506,5.456399917602539,5.707553863525391,4427730.0
2011-02-01,5.7226128578186035,5.89749813079834,5.39276123046875,5.454456806182861,4381105.0
2011-02-02,5.576876163482666,5.576876163482666,5.209132194519043,5.28928804397583,1280181.0
2011-02-03,5.4666008949279785,5.868350028991699,5.207674980163574,5.825601100921631,2759110.0
2011-02-04,5.858633995056152,6.0995869636535645,5.635170936584473,5.738644123077393,3162370.0
2011-02-07,5.732814788818359,5.819770812988281,5.635656833648682,5.781879901885986,864981.0
2011-02-08,5.733786106109619,5.790624141693115,5.6448869705200195,5.7226128578186035,1028323.0
2011-02-09,5.578332901000977,5.769734859466553,5.576876163482666,5.734757900238037,2953947.0
2011-02-10,5.760991096496582,5.760991096496582,5.305805206298828,5.489919185638428,3292879.0
2011-02-11,5.493319988250732,6.066553115844727,5.479718208312988,5.830459117889404,873112.0
2011-02-14,5.926644802093506,6.052950859069824,5.839202880859375,5.965993881225586,393893.0
2011-02-15,5.9776530265808105,6.023803234100342,5.839202880859375,5.942190170288086,738589.0
2011-02-16,5.984940052032471,5.994656085968018,5.747387886047363,5.834831237792969,280470.0
2011-02-17,5.926644802093506,5.994170188903809,5.878066062927246,5.979596138000488,4141187.0
2011-02-18,6.025260925292969,6.509593963623047,6.023803234100342,6.1229047775268555,4397470.0
2011-02-21,6.0335187911987305,6.169539928436279,5.965507984161377,6.155938148498535,6621371.0
2011-02-22,6.169539928436279,6.344425201416016,6.062665939331055,6.303133010864258,2433867.0
2011-02-23,6.315278053283691,6.324993133544922,5.9557929039001465,6.019431114196777,10365473.0
2011-02-24,5.994656085968018,6.022346019744873,5.748846054077148,5.87709379196167,11568770.0
2011-02-25,5.935874938964844,5.935874938964844,5.6215691566467285,5.638570785522461,740030.0
2011-02-28,5.761476039886475,6.0816121101379395,5.645371913909912,5.972309112548828,1112001.0
2011-03-01,6.0335187911987305,6.062665939331055,5.899440765380859,6.001457214355469,580805.0
2011-03-03,6.0714111328125,6.380373954772949,5.936360836029053,5.998055934906006,13273208.0
2011-03-04,6.015058994293213,6.2720417976379395,5.937333106994629,6.182656764984131,3871009.0
2011-03-07,5.8426032066345215,6.1209611892700195,5.8426032066345215,6.085498809814453,1246730.0
2011-03-08,6.111246109008789,6.324993133544922,6.063151836395264,6.140392780303955,1876425.0
2011-03-09,6.123390197753906,6.3832879066467285,6.123390197753906,6.2720417976379395,9036197.0
2011-03-10,6.171968936920166,6.480445861816406,6.171968936920166,6.445469856262207,2054691.0
2011-03-11,6.315762996673584,6.496963024139404,6.1705121994018555,6.408063888549805,952365.0
2011-03-14,6.412436008453369,6.538741111755371,6.374544143676758,6.454699993133545,960187.0
2011-03-15,6.3832879066467285,6.401263236999512,6.219576835632324,6.277872085571289,750632.0
2011-03-16,6.228806972503662,6.431382179260254,6.228806972503662,6.283215045928955,468514.0
2011-03-17,6.219090938568115,6.3541412353515625,6.219090938568115,6.297303199768066,385762.0
2011-03-18,6.338595867156982,6.338595867156982,6.101530075073242,6.149137020111084,808270.0
2011-03-21,6.299732208251953,6.304590225219727,6.102500915527344,6.113675117492676,255459.0
2011-03-22,6.169539928436279,6.3055620193481445,6.125819206237793,6.136021137237549,791596.0
2011-03-23,6.034491062164307,6.302647113800049,6.034491062164307,6.239007949829102,710182.0
2011-03-24,6.183143138885498,6.373571872711182,6.183143138885498,6.205002784729004,731899.0
2011-03-25,6.324508190155029,6.334709167480469,6.185572147369385,6.29390287399292,1346464.0
2011-03-28,6.276413917541504,6.487732887268066,6.274470806121826,6.461501121520996,1858825.0
2011-03-29,6.461015224456787,6.80106782913208,6.461015224456787,6.740344047546387,3094748.0
2011-03-30,6.771921157836914,7.031332969665527,6.704395771026611,6.883653163909912,2269290.0
2011-03-31,6.849647045135498,7.091084957122803,6.713625907897949,6.7996110916137695,2653612.0
2011-04-01,6.810783863067627,6.886567115783691,6.6164679527282715,6.795238971710205,1219661.0
2011-04-04,6.606751918792725,7.04396390914917,6.606751918792725,7.009471893310547,1311264.0
2011-04-05,7.00461483001709,7.04396390914917,6.864706993103027,6.904056072235107,850263.0
2011-04-06,6.932231903076172,7.024531841278076,6.932231903076172,6.976438999176025,542620.0
2011-04-07,6.843818187713623,7.04396390914917,6.821957111358643,6.9657511711120605,501141.0
2011-04-08,6.936118125915527,7.01287317276001,6.936118125915527,7.004128932952881,644722.0
2011-04-11,6.938061237335205,7.012386798858643,6.938061237335205,6.9502058029174805,1598219.0
2011-04-13,6.938061237335205,7.084283828735352,6.929316997528076,6.9895548820495605,2679652.0
2011-04-15,6.9672088623046875,7.02744722366333,6.922515869140625,6.955550193786621,1011032.0
2011-04-18,6.946805000305176,6.995384216308594,6.781637191772461,6.80106782913208,1519481.0
2011-04-19,6.756375789642334,6.8870530128479,6.75248908996582,6.843818187713623,423433.0
2011-04-20,6.907941818237305,6.936118125915527,6.849647045135498,6.882680892944336,421889.0
2011-04-21,6.80106782913208,6.935145854949951,6.80106782913208,6.910370826721191,1105311.0
2011-04-25,6.885595798492432,6.945834159851074,6.830215930938721,6.856934070587158,1098415.0
2011-04-26,6.822443008422852,6.886567115783691,6.789409160614014,6.844789028167725,502788.0
2011-04-27,6.830215930938721,6.905999183654785,6.828272819519043,6.878795146942139,662837.0
2011-04-28,6.821471214294434,6.897740840911865,6.821471214294434,6.884624004364014,674879.0
2011-04-29,6.907941818237305,6.995384216308594,6.723827838897705,6.796209812164307,1165934.0
2011-05-02,6.713625907897949,6.820499897003174,6.655331134796143,6.715569019317627,333477.0
2011-05-03,6.631042003631592,6.713625907897949,6.286129951477051,6.3371381759643555,1474194.0
2011-05-04,6.396890163421631,6.509593963623047,6.170025825500488,6.195287227630615,1035631.0
2011-05-05,6.052950859069824,6.2161760330200195,5.9611358642578125,6.037405014038086,610242.0
2011-05-06,5.958221912384033,6.256982803344727,5.9557929039001465,6.080154895782471,1049629.0
2011-05-09,6.101530075073242,6.235608100891113,6.101530075073242,6.222005844116211,353753.0
2011-05-10,6.222977161407471,6.345396995544434,6.08792781829834,6.179255962371826,441651.0
2011-05-11,6.151080131530762,6.24726676940918,6.092299938201904,6.132619857788086,491466.0
2011-05-12,5.8834099769592285,6.329851150512695,5.8834099769592285,6.233179092407227,971817.0
2011-05-13,6.0335187911987305,6.264754772186279,6.0335187911987305,6.228321075439453,152123.0
2011-05-16,6.1214470863342285,6.241436958312988,6.1214470863342285,6.201117038726807,380616.0
2011-05-17,6.142821788787842,6.302647113800049,5.980082035064697,6.06412410736084,4015207.0
2011-05-18,6.169539928436279,6.3541412353515625,5.9378180503845215,6.156909942626953,1759297.0
2011-05-19,6.164682865142822,6.307991027832031,5.976195812225342,6.048092842102051,740236.0
2011-05-20,6.048092842102051,6.178770065307617,5.999514102935791,6.020402908325195,835442.0
2011-05-23,6.168569087982178,6.168569087982178,5.839202880859375,5.909642219543457,730561.0
2011-05-24,5.829486846923828,6.023803234100342,5.800340175628662,5.841145992279053,383395.0
2011-05-25,5.761476039886475,6.014087200164795,5.73232889175415,5.781394004821777,554868.0
2011-05-26,5.761476039886475,5.901383876800537,5.714839935302734,5.784793853759766,343872.0
2011-05-27,5.683750152587891,6.480445861816406,5.683750152587891,6.12824821472168,1159964.0
2011-05-30,5.93684720993042,6.082098007202148,5.93684720993042,5.9611358642578125,450914.0
2011-05-31,5.975224018096924,6.0043721199035645,5.9460768699646,5.991741180419922,477983.0
2011-06-01,5.994656085968018,6.1841139793396,5.984940052032471,6.1389360427856445,709564.0
2011-06-02,6.072381973266602,6.207431793212891,6.023803234100342,6.154480934143066,284999.0
2011-06-03,6.073840141296387,6.196744918823242,6.023803234100342,6.072381973266602,5293123.0
2011-06-06,6.023803234100342,6.227835178375244,5.939761161804199,5.965507984161377,560529.0
2011-06-07,5.868350028991699,6.062180995941162,5.868350028991699,6.015544891357422,616623.0
2011-06-08,5.868350028991699,6.266698837280273,5.868350028991699,6.175370216369629,2764874.0
2011-06-09,6.2161760330200195,6.286129951477051,6.1209611892700195,6.131649017333984,3216612.0
2011-06-10,6.236093997955322,6.298274993896484,6.0097150802612305,6.045177936553955,3178838.0
2011-06-13,5.984940052032471,6.100071907043457,5.984940052032471,6.071897029876709,409744.0
2011-06-14,6.072381973266602,6.11076021194458,6.023316860198975,6.044206142425537,576071.0
2011-06-15,5.9460768699646,6.052950859069824,5.8110270500183105,5.846004009246826,1295825.0
2011-06-16,5.868350028991699,6.3055620193481445,5.563273906707764,5.646344184875488,3558631.0
2011-06-17,5.761476039886475,5.761476039886475,5.606022834777832,5.671119213104248,1071449.0
2011-06-20,5.538012981414795,5.655087947845459,5.380616188049316,5.5564727783203125,1562504.0
2011-06-21,5.557444095611572,5.712896823883057,5.557444095611572,5.619140148162842,441445.0
2011-06-22,5.596306800842285,5.691037178039551,5.462715148925781,5.500121116638184,684657.0
2011-06-23,5.452999114990234,5.557444095611572,5.4432830810546875,5.537041187286377,329977.0
2011-06-24,5.4612579345703125,5.729413986206055,5.4612579345703125,5.63711404800415,738178.0
2011-06-27,5.540441989898682,5.848433017730713,5.540441989898682,5.809083938598633,6563938.0
2011-06-28,5.734272003173828,5.941218852996826,5.734272003173828,5.8829240798950195,1066714.0
2011-06-29,5.829000949859619,6.014087200164795,5.63711404800415,5.988825798034668,628460.0
2011-06-30,5.848918914794922,6.014087200164795,5.848918914794922,5.925673961639404,1133513.0
2011-07-01,6.072381973266602,6.208404064178467,5.781879901885986,6.031576156616211,747750.0
2011-07-04,6.0335187911987305,6.169539928436279,6.0335187911987305,6.107358932495117,1967720.0
2011-07-05,6.111246109008789,6.266698837280273,5.965993881225586,6.0102009773254395,1287180.0
2011-07-06,5.937333106994629,6.106388092041016,5.937333106994629,6.086470127105713,547663.0
2011-07-07,6.025745868682861,6.256982803344727,6.025745868682861,6.222005844116211,3524460.0
2011-07-08,6.237551212310791,6.263783931732178,6.102015972137451,6.183143138885498,2247470.0
2011-07-11,6.101530075073242,6.218119144439697,6.101530075073242,6.212289810180664,714711.0
2011-07-12,6.025745868682861,6.179255962371826,5.98542594909668,6.137963771820068,1398030.0
2011-07-13,6.169539928436279,7.078939914703369,6.169539928436279,6.654845237731934,85803529.0
2011-07-14,6.655331134796143,6.956521034240723,6.606751918792725,6.87247896194458,53722630.0
2011-07-15,6.873937129974365,7.024531841278076,6.713625907897949,6.971095085144043,13078576.0
2011-07-18,7.005099773406982,7.072138786315918,6.9662370681762695,7.007528781890869,15546718.0
2011-07-19,7.02744722366333,7.578332901000977,6.976923942565918,7.173183917999268,21430014.0
2011-07-20,7.28200101852417,7.333008766174316,6.946805000305176,7.065824031829834,5034885.0
2011-07-21,7.092543125152588,7.092543125152588,6.820499897003174,6.915715217590332,3568718.0
2011-07-22,6.995384216308594,7.100315093994141,6.927373886108398,7.065338134765625,6931998.0
2011-07-25,7.135292053222656,7.135292053222656,6.985669136047363,7.048336029052734,9019008.0
2011-07-26,6.991012096405029,7.168325901031494,6.811756134033203,6.859363079071045,4307925.0
2011-07-27,6.859363079071045,7.032304763793945,6.802040100097656,6.851105213165283,3616681.0
2011-07-28,6.849647045135498,6.946805000305176,6.703909873962402,6.733057975769043,2360790.0
2011-07-29,6.607724189758301,6.84624719619751,6.607724189758301,6.807384014129639,623005.0
2011-08-01,6.802040100097656,6.956521034240723,6.733057975769043,6.899683952331543,1261140.0
2011-08-02,6.742773056030273,6.944861888885498,6.742773056030273,6.916686058044434,4390162.0
2011-08-03,6.607724189758301,6.905512809753418,6.538741111755371,6.6941938400268555,2888281.0
2011-08-04,6.703909873962402,6.845760822296143,6.606751918792725,6.627641201019287,1103870.0
2011-08-05,6.519309997558594,6.771921157836914,6.324993133544922,6.702453136444092,2337323.0
2011-08-08,6.461015224456787,6.654358863830566,6.315278053283691,6.588778018951416,2891677.0
2011-08-09,6.461015224456787,6.691764831542969,6.257954120635986,6.519309997558594,17176226.0
2011-08-10,6.519794940948486,6.80106782913208,6.519794940948486,6.780664920806885,11405222.0
2011-08-11,6.519309997558594,6.868593215942383,6.519309997558594,6.675248146057129,455546.0
2011-08-12,6.906970977783203,7.041534900665283,6.609180927276611,6.882680892944336,4428656.0
2011-08-16,6.898225784301758,6.945834159851074,6.70585298538208,6.815155982971191,2479257.0
2011-08-17,6.898225784301758,6.9662370681762695,6.629583835601807,6.7340288162231445,2559538.0
2011-08-18,6.820499897003174,6.820499897003174,6.382802963256836,6.5431132316589355,2698178.0
2011-08-19,6.461015224456787,6.490161895751953,6.101530075073242,6.195287227630615,7260432.0
2011-08-22,6.264754772186279,6.264754772186279,6.073840141296387,6.1948018074035645,740339.0
2011-08-23,6.19868803024292,6.412436008453369,6.111246109008789,6.392518043518066,1210192.0
2011-08-24,6.4998779296875,6.529025077819824,6.150108814239502,6.21326208114624,1168610.0
2011-08-25,6.267670154571533,6.267670154571533,6.1209611892700195,6.139906883239746,2449923.0
2011-08-26,6.043234825134277,6.295845985412598,5.98542594909668,6.045177936553955,770496.0
2011-08-29,6.082098007202148,6.237064838409424,5.8600921630859375,5.944619178771973,11102005.0
2011-08-30,5.984940052032471,6.1209611892700195,5.7711920738220215,5.9776530265808105,4884923.0
2011-09-02,6.072381973266602,6.190915107727051,5.90721321105957,6.109787940979004,3211260.0
2011-09-05,6.072381973266602,6.11076021194458,5.956764221191406,6.0714111328125,1114163.0
2011-09-06,6.0714111328125,6.111246109008789,5.919357776641846,6.075782775878906,1198047.0
2011-09-07,6.005342960357666,6.256011009216309,6.005342960357666,6.113675117492676,1091931.0
2011-09-08,6.1209611892700195,6.180228233337402,6.043234825134277,6.151080131530762,1603262.0
2011-09-09,6.123390197753906,6.480445861816406,6.123390197753906,6.3434529304504395,4918168.0
2011-09-12,6.315278053283691,6.3541412353515625,6.1709980964660645,6.251638889312744,6188880.0
2011-09-13,6.381344795227051,6.382317066192627,6.080154895782471,6.165167808532715,1063935.0
2011-09-14,6.188000202178955,6.237551212310791,6.131163120269775,6.1442790031433105,337594.0
2011-09-15,6.2171478271484375,6.2171478271484375,6.1209611892700195,6.1389360427856445,406965.0
2011-09-16,6.1209611892700195,6.19868803024292,6.083069801330566,6.1209611892700195,406965.0
2011-09-19,6.2166619300842285,6.29390287399292,6.153509140014648,6.227835178375244,2057779.0
2011-09-20,6.174883842468262,6.303618907928467,6.151080131530762,6.195287227630615,380513.0
2011-09-21,6.315278053283691,6.3541412353515625,6.188971996307373,6.274470806121826,1514335.0
2011-09-22,6.2618408203125,6.295845985412598,6.072381973266602,6.106388092041016,1695380.0
2011-09-23,6.091814041137695,6.470730781555176,6.043234825134277,6.351712226867676,2500665.0
2011-09-26,6.410492897033691,6.410492897033691,6.072381973266602,6.197229862213135,480248.0
2011-09-27,6.218119144439697,6.276413917541504,6.147193908691406,6.182656764984131,1739947.0
2011-09-28,6.237551212310791,6.274957180023193,6.082583904266357,6.15205192565918,686200.0
2011-09-29,6.084041118621826,6.266698837280273,6.052950859069824,6.140879154205322,1882601.0
2011-09-30,6.239980220794678,6.246294975280762,6.1054158210754395,6.1666259765625,361163.0
2011-10-03,6.072381973266602,6.218119144439697,6.072381973266602,6.203060150146484,309392.0
2011-10-04,6.237551212310791,6.334709167480469,6.101530075073242,6.177799224853516,1433539.0
2011-10-05,6.151566028594971,6.167596817016602,5.986883163452148,6.048579216003418,1049937.0
2011-10-07,6.0728678703308105,6.217634201049805,6.072381973266602,6.119018077850342,354576.0
2011-10-10,6.111246109008789,6.187514781951904,6.055379867553711,6.163225173950195,290145.0
2011-10-11,6.220548152923584,6.295845985412598,6.208404064178467,6.2336649894714355,1391854.0
2011-10-12,6.218119144439697,6.402719974517822,6.218119144439697,6.391060829162598,1702482.0
2011-10-13,6.422152042388916,6.480445861816406,6.324993133544922,6.3604559898376465,767408.0
2011-10-14,6.315278053283691,6.557686805725098,6.315278053283691,6.516880989074707,1398133.0
2011-10-17,6.529025077819824,6.771921157836914,6.490161895751953,6.699051856994629,1845342.0
2011-10-18,6.548457145690918,6.674763202667236,6.43672513961792,6.551372051239014,1124043.0
2011-10-19,6.655331134796143,6.788437843322754,6.538741111755371,6.586349010467529,10586968.0
2011-10-20,6.631042003631592,6.6941938400268555,6.483360767364502,6.513966083526611,2044708.0
2011-10-21,6.559144973754883,6.560602188110352,6.3541412353515625,6.422636985778809,658205.0
2011-10-24,6.422636985778809,6.461015224456787,6.256982803344727,6.289531230926514,516065.0
2011-10-25,6.227835178375244,6.542141914367676,6.208404064178467,6.490161895751953,1629405.0
2011-10-28,6.605780124664307,6.944861888885498,6.598008155822754,6.767063140869141,4717979.0
2011-10-31,6.733057975769043,6.80106782913208,6.626668930053711,6.655331134796143,1768869.0
2011-11-01,6.607724189758301,6.742773056030273,6.607724189758301,6.713625907897949,566293.0
2011-11-02,6.703909873962402,6.733057975769043,6.618896961212158,6.6941938400268555,6450824.0
2011-11-03,6.6941938400268555,6.907941818237305,6.6941938400268555,6.840902805328369,1625597.0
2011-11-04,6.907941818237305,6.946805000305176,6.758803844451904,6.913286209106445,965024.0
2011-11-08,6.80106782913208,6.898225784301758,6.717026233673096,6.768033981323242,1028529.0
2011-11-09,6.686421871185303,6.800581932067871,6.686421871185303,6.730628967285156,334197.0
2011-11-11,6.705367088317871,6.735971927642822,6.368714809417725,6.491620063781738,1614069.0
2011-11-14,6.6873931884765625,6.6873931884765625,6.239980220794678,6.302647113800049,1886615.0
2011-11-15,6.230264186859131,6.363856792449951,6.150108814239502,6.268156051635742,2542247.0
2011-11-16,6.314305782318115,6.41195011138916,6.169539928436279,6.268156051635742,632268.0
2011-11-17,6.412436008453369,6.412436008453369,6.2662129402160645,6.284186840057373,1209368.0
2011-11-18,6.266698837280273,6.362884998321533,6.132619857788086,6.307991027832031,530372.0
2011-11-21,6.363856792449951,6.363856792449951,6.3055620193481445,6.3109049797058105,807034.0
2011-11-22,6.286129951477051,6.363856792449951,6.222977161407471,6.272528171539307,432490.0
2011-11-23,6.276413917541504,6.352198123931885,6.227835178375244,6.298760890960693,4018294.0
2011-11-24,6.137477874755859,6.212776184082031,6.007286071777344,6.169054985046387,1471107.0
2011-11-25,6.1209611892700195,6.19868803024292,6.101530075073242,6.159824848175049,928795.0
2011-11-28,6.150108814239502,6.295360088348389,6.150108814239502,6.268641948699951,337388.0
2011-11-29,6.185085773468018,6.239007949829102,6.169539928436279,6.187028884887695,451737.0
2011-11-30,6.179255962371826,6.188971996307373,6.074325084686279,6.124361991882324,825458.0
2011-12-01,6.218119144439697,6.315278053283691,6.169539928436279,6.190915107727051,403054.0
2011-12-02,6.218119144439697,6.344425201416016,6.174883842468262,6.304103851318359,593671.0
2011-12-05,6.235608100891113,6.392518043518066,6.235608100891113,6.3376240730285645,1512791.0
2011-12-07,6.334709167480469,6.509593963623047,6.333737850189209,6.44401216506958,1781940.0
2011-12-08,6.45129919052124,6.605780124664307,6.324993133544922,6.411464214324951,829163.0
2011-12-09,6.273499965667725,6.460042953491211,6.273499965667725,6.441096782684326,388850.0
2011-12-12,6.276413917541504,6.45129919052124,6.276413917541504,6.364828109741211,1708143.0
2011-12-13,6.24726676940918,6.402234077453613,6.141849994659424,6.341509819030762,1441258.0
2011-12-14,6.313333988189697,6.382802963256836,6.228806972503662,6.307991027832031,1597704.0
2011-12-15,6.155938148498535,6.2662129402160645,6.150108814239502,6.2171478271484375,2135282.0
2011-12-16,6.169539928436279,6.334709167480469,6.142821788787842,6.221519947052002,2752832.0
2011-12-19,6.218119144439697,6.218119144439697,5.947534084320068,6.151080131530762,1096665.0
2011-12-20,6.062665939331055,6.169539928436279,6.062665939331055,6.148651123046875,790258.0
2011-12-21,6.140392780303955,6.24726676940918,6.140392780303955,6.203060150146484,687024.0
2011-12-22,6.1209611892700195,6.2171478271484375,6.1209611892700195,6.212776184082031,699375.0
2011-12-23,6.1209611892700195,6.218119144439697,6.1209611892700195,6.136021137237549,304658.0
2011-12-26,6.1219329833984375,6.2171478271484375,6.1219329833984375,6.153509140014648,89750.0
2011-12-27,6.169539928436279,6.218119144439697,6.072381973266602,6.215691089630127,2124166.0
2011-12-28,6.1219329833984375,6.315278053283691,5.9460768699646,5.95336389541626,1619319.0
2011-12-29,5.926644802093506,6.000970840454102,5.887782096862793,5.936360836029053,282426.0
2011-12-30,5.440854072570801,6.082098007202148,5.440854072570801,5.8892388343811035,855409.0
2012-01-02,5.89749813079834,5.9460768699646,5.784793853759766,5.862521171569824,444430.0
2012-01-03,5.761476039886475,5.974738121032715,5.761476039886475,5.9553070068359375,339652.0
2012-01-04,6.072381973266602,6.072381973266602,5.874666213989258,5.880980968475342,327507.0
2012-01-05,5.844546794891357,5.962108135223389,5.844546794891357,5.897983074188232,125774.0
2012-01-06,5.849890232086182,5.997570991516113,5.684720993041992,5.73232889175415,1258463.0
2012-01-09,5.829486846923828,5.96307897567749,5.829486846923828,5.927131175994873,502171.0
2012-01-10,6.022346019744873,6.140392780303955,5.931502819061279,6.094243049621582,356738.0
2012-01-11,6.111246109008789,6.461015224456787,6.111246109008789,6.3288798332214355,3179559.0
2012-01-12,6.315278053283691,6.498906135559082,6.267670154571533,6.3109049797058105,707712.0
2012-01-13,6.334709167480469,6.344425201416016,6.239007949829102,6.287102222442627,4812258.0
2012-01-16,6.218119144439697,6.450812816619873,6.218119144439697,6.314305782318115,2120152.0
2012-01-17,6.227835178375244,6.344425201416016,6.227835178375244,6.315762996673584,2567155.0
2012-01-18,6.45129919052124,6.742773056030273,6.334709167480469,6.580033779144287,26511215.0
2012-01-19,6.626183986663818,6.654845237731934,6.46781587600708,6.6169538497924805,6492200.0
2012-01-20,6.606751918792725,6.674763202667236,6.606751918792725,6.653388023376465,1393810.0
2012-01-23,6.684477806091309,6.75248908996582,6.606751918792725,6.740829944610596,2311489.0
2012-01-24,6.77629280090332,7.128490924835205,6.724799156188965,7.003643035888672,6027699.0
2012-01-25,7.04396390914917,7.150836944580078,7.024531841278076,7.0930280685424805,1829491.0
2012-01-27,7.150836944580078,7.179985046386719,6.995384216308594,7.062424182891846,1228204.0
2012-01-30,7.175127029418945,7.175127029418945,6.898712158203125,7.0157880783081055,1755282.0
2012-01-31,7.080398082733154,7.374300956726074,6.975953102111816,7.293173789978027,3309965.0
2012-02-01,7.29657506942749,7.681321144104004,7.239251136779785,7.553071975708008,8520337.0
2012-02-02,7.628855228424072,7.628855228424072,7.287829875946045,7.518095016479492,2642496.0
2012-02-03,7.529754161834717,7.792080879211426,7.432596206665039,7.694437026977539,4460151.0
2012-02-06,7.74252986907959,7.9067277908325195,7.608451843261719,7.6502299308776855,5243617.0
2012-02-07,7.665775775909424,7.724070072174072,7.540441989898682,7.677434921264648,2556965.0
2012-02-08,7.704638957977295,8.054408073425293,7.675490856170654,7.992227077484131,4451917.0
2012-02-09,7.782364845275879,8.199173927307129,7.782364845275879,7.986396789550781,3890359.0
2012-02-10,7.987369060516357,8.112703323364258,7.869808197021484,7.886323928833008,898638.0
2012-02-13,7.869808197021484,7.965507984161377,7.784793853759766,7.814426898956299,1282857.0
2012-02-14,7.868835926055908,7.869808197021484,7.733786106109619,7.752731800079346,1128572.0
2012-02-15,7.845518112182617,7.869808197021484,7.665775775909424,7.72504186630249,3798755.0
2012-02-16,7.796938896179199,7.796938896179199,7.60796594619751,7.631770133972168,904196.0
2012-02-17,7.772648811340332,7.917901039123535,7.662374973297119,7.833373069763184,5431455.0
2012-02-21,7.782364845275879,8.112703323364258,7.782364845275879,7.9548211097717285,2526191.0
2012-02-22,8.061208724975586,8.112703323364258,7.671119213104248,7.799853801727295,3342386.0
2012-02-23,7.724070072174072,7.849890232086182,7.535583972930908,7.617681980133057,1757959.0
2012-02-24,7.724070072174072,7.791594982147217,7.690064907073975,7.767792224884033,1523187.0
2012-02-27,7.820743083953857,7.820743083953857,7.282972812652588,7.398591041564941,1646594.0
2012-02-28,7.413164138793945,7.578332901000977,7.413164138793945,7.519553184509277,977993.0
2012-02-29,7.577847003936768,7.810541152954102,7.577847003936768,7.680348873138428,3386232.0
2012-03-01,7.743502140045166,7.751275062561035,7.435511112213135,7.512752056121826,603243.0
2012-03-02,7.508378982543945,7.662860870361328,7.508378982543945,7.594364166259766,11054350.0
2012-03-05,7.559873104095459,7.6269121170043945,7.394218921661377,7.406363010406494,300026.0
2012-03-06,7.56861686706543,7.7226128578186035,7.335437774658203,7.454456806182861,2221739.0
2012-03-07,7.456885814666748,7.578332901000977,7.335437774658203,7.481660842895508,2484918.0
2012-03-09,7.646344184875488,7.8115129470825195,7.501577854156494,7.718241214752197,1876528.0
2012-03-12,7.821228981018066,7.821228981018066,7.539470195770264,7.7940239906311035,906151.0
2012-03-13,7.772648811340332,7.877580165863037,7.772648811340332,7.856690883636475,1815494.0
2012-03-14,7.918386936187744,7.966479778289795,7.707553863525391,7.957736015319824,2084745.0
2012-03-15,7.962108135223389,7.962108135223389,7.5491862297058105,7.671605110168457,427756.0
2012-03-16,7.772648811340332,7.772648811340332,7.4602861404418945,7.585134029388428,477880.0
2012-03-19,7.529754161834717,7.761961936950684,7.529754161834717,7.640513896942139,416228.0
2012-03-20,7.578332901000977,7.782364845275879,7.578332901000977,7.686665058135986,207188.0
2012-03-21,7.743502140045166,7.957250118255615,7.7401018142700195,7.899440765380859,1145555.0
2012-03-22,7.89895486831665,8.015544891357422,7.797424793243408,7.918871879577637,3127170.0
2012-03-23,8.015059471130371,8.015059471130371,7.724070072174072,7.912071228027344,438048.0
2012-03-26,8.014086723327637,8.014573097229004,7.838716983795166,7.870293140411377,477263.0
2012-03-27,7.918386936187744,7.918386936187744,7.729413986206055,7.819284915924072,848410.0
2012-03-28,7.833373069763184,7.879522800445557,7.681807041168213,7.77022123336792,4280753.0
2012-03-29,7.8600921630859375,7.8600921630859375,7.6269121170043945,7.730871200561523,7527008.0
2012-03-30,7.6273980140686035,7.9378180503845215,7.6273980140686035,7.912071228027344,708741.0
2012-04-02,7.928102016448975,8.218605041503906,7.850376129150391,8.109787940979004,1287797.0
2012-04-03,8.258440017700195,8.429924011230469,8.16128158569336,8.39543342590332,1995509.0
2012-04-04,8.31673526763916,8.535341262817383,8.31673526763916,8.503764152526855,1604394.0
2012-04-09,8.549914360046387,8.549914360046387,8.212776184082031,8.409521102905273,660160.0
2012-04-10,8.45275592803955,8.491620063781738,8.263298034667969,8.433324813842773,513904.0
2012-04-11,8.287588119506836,8.472187995910645,8.190428733825684,8.211318016052246,395334.0
2012-04-12,8.117561340332031,8.46927261352539,8.117561340332031,8.427008628845215,1536052.0
2012-04-13,8.500364303588867,8.56934642791748,8.4046630859375,8.531940460205078,3201790.0
2012-04-16,8.325478553771973,8.647072792053223,8.325478553771973,8.579547882080078,1860369.0
2012-04-17,8.598493576049805,8.734515190124512,8.49259090423584,8.596064567565918,2826732.0
2012-04-18,8.647072792053223,8.685935974121094,8.550399780273438,8.64027214050293,1609026.0
2012-04-19,8.575176239013672,8.763176918029785,8.575176239013672,8.669419288635254,1016075.0
2012-04-20,8.472187995910645,8.744231224060059,8.472187995910645,8.667475700378418,729635.0
2012-04-23,8.637356758117676,8.772891998291016,8.410978317260742,8.444011688232422,2905058.0
2012-04-24,8.582462310791016,8.583919525146484,8.21471881866455,8.248238563537598,1684264.0
2012-04-25,8.259411811828613,8.343938827514648,8.0349760055542,8.253582000732422,854277.0
2012-04-26,8.174883842468262,8.307019233703613,8.161767959594727,8.173426628112793,848410.0
2012-04-27,8.180713653564453,8.500849723815918,8.16128158569336,8.387174606323242,1686426.0
2012-04-30,8.355598449707031,8.551371574401855,8.355598449707031,8.489676475524902,310113.0
2012-05-02,8.33130931854248,8.897254943847656,8.33130931854248,8.6427001953125,2147633.0
2012-05-03,8.66650390625,8.66650390625,8.428466796875,8.49793529510498,5511427.0
2012-05-04,8.355598449707031,8.501335144042969,8.141850471496582,8.218118667602539,1765472.0
2012-05-07,7.976682186126709,8.817098617553711,7.976682186126709,8.683993339538574,2147530.0
2012-05-08,8.629584312438965,8.812240600585938,8.472187995910645,8.540199279785156,864570.0
2012-05-09,8.372115135192871,8.624726295471191,8.16128158569336,8.315278053283691,931882.0
2012-05-10,8.187515258789062,8.480932235717773,8.187515258789062,8.336167335510254,527799.0
2012-05-11,8.16128158569336,8.430410385131836,8.16128158569336,8.347339630126953,324522.0
2012-05-14,8.19091510772705,8.517851829528809,8.160796165466309,8.283214569091797,416537.0
2012-05-15,8.158367156982422,8.579062461853027,8.158367156982422,8.512022972106934,2429030.0
2012-05-16,8.336167335510254,8.757832527160645,8.125332832336426,8.26135540008545,7838870.0
2012-05-17,8.277872085571289,8.598493576049805,8.073840141296387,8.358027458190918,3492348.0
2012-05-18,8.255524635314941,8.56934642791748,8.112703323364258,8.451298713684082,1564357.0
2012-05-21,8.538741111755371,8.539712905883789,8.269613265991211,8.350255012512207,715019.0
2012-05-22,8.31673526763916,8.423608779907227,8.258440017700195,8.369199752807617,557235.0
2012-05-23,8.268156051635742,8.404176712036133,8.209860801696777,8.237065315246582,583790.0
2012-05-24,8.083555221557617,8.355598449707031,8.083555221557617,8.273984909057617,1551800.0
2012-05-25,8.170997619628906,8.353654861450195,8.161767959594727,8.229778289794922,311965.0
2012-05-28,8.257953643798828,8.258440017700195,8.166139602661133,8.19965934753418,1971734.0
2012-05-29,8.089871406555176,8.258440017700195,8.089871406555176,8.18314266204834,849645.0
2012-05-30,8.06412410736084,8.277872085571289,8.06412410736084,8.249695777893066,1335143.0
2012-05-31,8.16128158569336,8.307019233703613,8.16128158569336,8.25261116027832,798903.0
2012-06-01,8.16128158569336,8.322078704833984,8.16128158569336,8.211318016052246,840588.0
2012-06-04,8.113675117492676,8.296332359313965,7.976682186126709,8.231721878051758,777495.0
2012-06-05,8.073840141296387,8.277872085571289,8.073840141296387,8.245809555053711,266884.0
2012-06-06,8.162254333496094,8.333738327026367,8.162254333496094,8.286616325378418,445047.0
2012-06-07,8.200631141662598,8.336167335510254,8.200631141662598,8.303133010864258,271207.0
2012-06-08,8.209860801696777,8.440611839294434,8.209860801696777,8.368228912353516,334609.0
2012-06-11,8.277872085571289,8.472187995910645,8.277872085571289,8.453242301940918,496098.0
2012-06-12,8.424095153808594,8.58586311340332,8.424095153808594,8.53777027130127,454002.0
2012-06-13,8.336167335510254,8.608208656311035,8.336167335510254,8.525138854980469,422918.0
2012-06-14,8.372115135192871,8.506678581237793,8.372115135192871,8.453242301940918,436402.0
2012-06-15,8.365313529968262,8.68302059173584,8.365313529968262,8.657759666442871,900182.0
2012-06-18,8.647072792053223,8.647072792053223,8.355598449707031,8.37405776977539,775745.0
2012-06-19,8.258440017700195,8.44304084777832,8.258440017700195,8.377458572387695,294571.0
2012-06-20,8.294388771057129,8.432839393615723,8.294388771057129,8.379887580871582,347886.0
2012-06-21,8.31673526763916,8.49793529510498,8.259411811828613,8.471701622009277,309186.0
2012-06-22,8.549914360046387,8.549914360046387,8.38037395477295,8.448869705200195,167767.0
2012-06-25,8.45275592803955,8.54797077178955,8.404176712036133,8.481904029846191,210687.0
2012-06-26,8.405149459838867,8.519309997558594,8.405149459838867,8.496478080749512,258547.0
2012-06-27,8.454700469970703,8.520767211914062,8.45275592803955,8.5125093460083,460486.0
2012-06-28,8.579062461853027,8.841388702392578,8.462471961975098,8.774835586547852,1345641.0
2012-06-29,8.868593215942383,8.939032554626465,8.744231224060059,8.865193367004395,1025750.0
2012-07-02,8.966723442077637,8.966723442077637,8.763662338256836,8.826814651489258,714299.0
2012-07-03,8.927860260009766,9.200874328613281,8.853048324584961,9.101286888122559,1309617.0
2012-07-04,9.18532943725586,9.186300277709961,8.901626586914062,8.924459457397461,1448154.0
2012-07-05,8.792810440063477,8.889967918395996,8.729657173156738,8.807868957519531,1811685.0
2012-07-06,8.889967918395996,8.938547134399414,8.770462989807129,8.817584991455078,136581.0
2012-07-09,8.744231224060059,8.948263168334961,8.744231224060059,8.860819816589355,755572.0
2012-07-10,8.982268333435059,9.084283828735352,8.90211296081543,9.001214027404785,565984.0
2012-07-11,8.940004348754883,9.158610343933105,8.940004348754883,9.12411880493164,530681.0
2012-07-12,9.035704612731934,9.37575912475586,9.035704612731934,9.340295791625977,1670266.0
2012-07-13,9.434053421020508,9.443769454956055,9.250425338745117,9.386932373046875,717078.0
2012-07-16,9.307747840881348,9.550642967224121,9.307747840881348,9.358756065368652,1346361.0
2012-07-17,9.404906272888184,9.812970161437988,9.38547420501709,9.431624412536621,12527413.0
2012-07-18,9.532182693481445,9.66723346710205,9.443769454956055,9.596306800842285,2592371.0
2012-07-19,9.502063751220703,9.957249641418457,9.502063751220703,9.908671379089355,3992049.0
2012-07-20,9.909642219543457,9.957736015319824,9.670147895812988,9.792567253112793,1129807.0
2012-07-23,9.7255277633667,10.44255542755127,9.6312837600708,10.246781349182129,3119862.0
2012-07-24,10.246781349182129,10.589749336242676,10.191886901855469,10.493077278137207,8839404.0
2012-07-25,10.590234756469727,10.590234756469727,10.283214569091797,10.388631820678711,1934578.0
2012-07-26,10.274471282958984,10.393004417419434,10.077239990234375,10.178770065307617,431770.0
2012-07-27,10.201602935791016,10.395918846130371,9.803739547729492,9.983967781066895,1046129.0
2012-07-30,9.988341331481934,10.201602935791016,9.768277168273926,9.911100387573242,891124.0
2012-07-31,9.83580207824707,10.153023719787598,9.7255277633667,10.082098007202148,1193003.0
2012-08-01,10.055865287780762,10.189457893371582,9.929559707641602,10.150594711303711,483438.0
2012-08-02,10.055865287780762,10.201602935791016,10.036434173583984,10.134564399719238,344284.0
2012-08-03,10.02623176574707,10.298761367797852,10.02574634552002,10.193829536437988,410464.0
2012-08-06,10.298274993896484,10.298274993896484,10.007772445678711,10.063152313232422,1209883.0
2012-08-07,10.037891387939453,10.376486778259277,10.036434173583984,10.338109970092773,1607688.0
2012-08-08,10.347339630126953,10.677191734313965,10.318191528320312,10.353654861450195,1133410.0
2012-08-09,10.386202812194824,10.871994018554688,10.360456466674805,10.749089241027832,4032395.0
2012-08-10,10.8331298828125,10.980324745178223,10.698081016540527,10.794266700744629,2523103.0
2012-08-13,10.784066200256348,10.784066200256348,10.551857948303223,10.588777542114258,1466578.0
2012-08-14,10.4998779296875,10.8331298828125,10.006800651550293,10.515909194946289,1139894.0
2012-08-16,10.352197647094727,10.743744850158691,10.351712226867676,10.645614624023438,1991495.0
2012-08-17,10.73548698425293,10.743744850158691,10.456643104553223,10.506193161010742,3050388.0
2012-08-21,10.506193161010742,10.627155303955078,10.15205192565918,10.450813293457031,3556161.0
2012-08-22,10.628613471984863,10.628613471984863,10.395918846130371,10.508622169494629,678378.0
2012-08-23,10.11415958404541,10.614524841308594,9.583677291870117,10.502306938171387,853351.0
2012-08-24,10.426037788391113,10.590234756469727,10.426037788391113,10.504735946655273,604684.0
2012-08-27,10.590234756469727,10.638813972473145,10.39543342590332,10.54068374633789,1014325.0
2012-08-28,10.454214096069336,10.541655540466309,10.332765579223633,10.351225852966309,1772780.0
2012-08-29,10.541170120239258,10.541655540466309,9.973280906677246,10.081127166748047,2050368.0
2012-08-30,10.019431114196777,10.327422142028809,9.987854957580566,10.281271934509277,2102757.0
2012-08-31,10.289045333862305,10.50182056427002,10.120475769042969,10.192373275756836,1202266.0
2012-09-03,10.181685447692871,10.221034049987793,10.085013389587402,10.176827430725098,10694422.0
2012-09-04,10.151080131530762,10.444011688232422,10.123875617980957,10.23997974395752,1445684.0
2012-09-05,10.37114429473877,10.376486778259277,10.153509140014648,10.171483993530273,7344110.0
2012-09-06,10.174883842468262,10.318191528320312,10.10492992401123,10.145736694335938,845940.0
2012-09-07,10.170025825500488,10.413407325744629,10.14330768585205,10.401263236999512,822576.0
2012-09-10,10.269613265991211,10.383773803710938,10.104443550109863,10.15933895111084,1111384.0
2012-09-11,10.157880783081055,10.482874870300293,10.157880783081055,10.398834228515625,1440229.0
2012-09-12,10.395918846130371,10.772406578063965,10.395918846130371,10.676219940185547,1095122.0
2012-09-13,10.677677154541016,10.839930534362793,10.462471961975098,10.510564804077148,1022559.0
2012-09-14,10.629584312438965,10.780179023742676,10.548457145690918,10.615010261535645,1894643.0
2012-09-17,10.512022972106934,11.196501731872559,10.512022972106934,10.884138107299805,2452188.0
2012-09-18,10.726256370544434,10.978867530822754,10.69710922241211,10.74520206451416,1172624.0
2012-09-20,10.493562698364258,10.880738258361816,10.473645210266113,10.62569808959961,750837.0
2012-09-21,10.648043632507324,10.79232406616211,10.47558879852295,10.598493576049805,6589155.0
2012-09-24,10.604808807373047,10.930289268493652,10.604808807373047,10.830216407775879,1023383.0
2012-09-25,10.888996124267578,11.315034866333008,10.881709098815918,10.96623706817627,4007796.0
2012-09-26,10.833616256713867,11.463200569152832,10.8331298828125,11.294631958007812,2251278.0
2012-09-27,11.270341873168945,11.367500305175781,11.125090599060059,11.326693534851074,2116961.0
2012-09-28,11.31940746307373,11.58124828338623,11.31940746307373,11.462228775024414,628254.0
2012-10-01,11.513236999511719,11.67840576171875,11.454941749572754,11.575418472290039,1589162.0
2012-10-03,11.618654251098633,11.71678352355957,11.417536735534668,11.454941749572754,1017207.0
2012-10-04,11.658489227294922,11.788681030273438,11.367500305175781,11.485547065734863,1238393.0
2012-10-05,11.75175952911377,11.969880104064941,11.562301635742188,11.622540473937988,1973483.0
2012-10-08,11.469515800476074,11.705610275268555,11.389845848083496,11.425309181213379,1053231.0
2012-10-09,11.465144157409668,11.53364086151123,11.416078567504883,11.468058586120605,623725.0
2012-10-10,11.367985725402832,11.765848159790039,11.294145584106445,11.66917610168457,2230693.0
2012-10-11,11.708524703979492,11.794024467468262,11.338837623596191,11.659460067749023,3452104.0
2012-10-12,11.794509887695312,11.940732955932617,11.658973693847656,11.706095695495605,451326.0
2012-10-15,11.999028205871582,11.999028205871582,11.472916603088379,11.720669746398926,853248.0
2012-10-16,11.708524703979492,11.950448989868164,11.708039283752441,11.894097328186035,1297163.0
2012-10-17,11.970365524291992,12.203060150146484,11.970365524291992,12.124361991882324,1827845.0
2012-10-18,12.154480934143066,12.613553047180176,12.154480934143066,12.542141914367676,4379973.0
2012-10-19,12.552828788757324,12.69759464263916,12.154480934143066,12.34782600402832,9977137.0
2012-10-22,12.368228912353516,12.669419288635254,12.241923332214355,12.625211715698242,8428322.0
2012-10-23,12.64027214050293,12.815155982971191,12.582947731018066,12.658732414245605,1881674.0
2012-10-25,12.620840072631836,12.989555358886719,12.611610412597656,12.91911506652832,8077759.0
2012-10-29,12.922030448913574,13.135778427124023,12.711196899414062,12.943405151367188,4399117.0
2012-10-30,12.89288330078125,12.956034660339355,12.266213417053223,12.383288383483887,1741285.0
2012-10-31,12.339080810546875,12.8695650100708,12.339080810546875,12.482390403747559,1389075.0
2012-11-01,12.446927070617676,12.717997550964355,12.352197647094727,12.543112754821777,1785028.0
2012-11-02,12.495019912719727,12.630556106567383,12.455671310424805,12.520280838012695,455134.0
2012-11-05,12.543112754821777,12.577605247497559,11.999028205871582,12.257953643798828,1023177.0
2012-11-06,12.258440017700195,12.6791353225708,12.19285774230957,12.630556106567383,1589367.0
2012-11-07,12.437211036682129,12.922030448913574,12.436724662780762,12.852075576782227,2597724.0
2012-11-08,12.638813972473145,12.77629280090332,12.562544822692871,12.663588523864746,1301589.0
2012-11-09,12.727713584899902,12.810297966003418,12.650472640991211,12.726256370544434,942587.0
2012-11-12,12.646100997924805,13.49526309967041,12.646100997924805,13.321836471557617,2504062.0
2012-11-15,13.338837623596191,13.475831031799316,13.25916862487793,13.309691429138184,5722115.0
2012-11-16,13.451541900634766,13.452512741088867,13.1552095413208,13.202330589294434,1947443.0
2012-11-19,13.407820701599121,13.407820701599121,12.938060760498047,13.08331298828125,685068.0
2012-11-20,13.11634635925293,13.208646774291992,12.970608711242676,13.070196151733398,913356.0
2012-11-21,13.096915245056152,13.11634635925293,12.825358390808105,12.989068984985352,1915537.0
2012-11-22,12.99004077911377,13.087199211120605,12.825358390808105,12.895312309265137,1736344.0
2012-11-23,12.960892677307129,13.35924243927002,12.960892677307129,13.261112213134766,1072890.0
2012-11-26,14.08792781829834,14.08792781829834,13.180956840515137,13.240222930908203,1814876.0
2012-11-27,13.4636869430542,13.4636869430542,13.23342227935791,13.293173789978027,2153293.0
2012-11-29,13.492347717285156,13.49526309967041,13.077483177185059,13.232449531555176,22864171.0
2012-11-30,13.407820701599121,13.446683883666992,13.262569427490234,13.380130767822266,2103684.0
2012-12-03,13.310663223266602,13.456399917602539,13.21350383758545,13.30871868133545,8003139.0
2012-12-04,13.310663223266602,13.407820701599121,13.191158294677734,13.259654998779297,975420.0
2012-12-05,13.358756065368652,13.407820701599121,13.164924621582031,13.250909805297852,840691.0
2012-12-06,13.407820701599121,13.407820701599121,12.825843811035156,13.082826614379883,821753.0
2012-12-07,12.990527153015137,13.210103988647461,12.835558891296387,12.95895004272461,2179642.0
2012-12-10,12.95895004272461,12.960408210754395,12.717997550964355,12.784550666809082,2273098.0
2012-12-11,12.873451232910156,12.873936653137207,12.631526947021484,12.736944198608398,2690562.0
2012-12-12,12.533397674560547,12.73742961883545,12.533397674560547,12.664074897766113,1635375.0
2012-12-13,12.6791353225708,12.727713584899902,12.328393936157227,12.53777027130127,3613593.0
2012-12-14,12.436239242553711,12.669419288635254,12.339080810546875,12.548942565917969,1620657.0
2012-12-17,12.553315162658691,12.620840072631836,12.455671310424805,12.56205940246582,3495435.0
2012-12-18,12.48530387878418,12.582462310791016,12.436239242553711,12.50182056427002,2975150.0
2012-12-19,12.630556106567383,13.699295043945312,12.582947731018066,12.632013320922852,83104629.0
2012-12-20,12.727713584899902,12.970608711242676,12.546513557434082,12.628127098083496,14696866.0
2012-12-21,12.620353698730469,12.620840072631836,12.241923332214355,12.37114429473877,122515847.0
2012-12-24,12.513965606689453,12.789895057678223,12.409034729003906,12.76171875,2755199.0
2012-12-26,12.810784339904785,13.21204662322998,12.766576766967773,13.122176170349121,3971772.0
2012-12-27,13.260625839233398,13.310663223266602,12.912799835205078,12.994413375854492,2428618.0
2012-12-28,13.112945556640625,13.21350383758545,12.922515869140625,13.143065452575684,2139399.0
2012-12-31,12.922030448913574,13.310663223266602,12.922030448913574,13.13820743560791,2017432.0
2013-01-01,13.167840003967285,13.33786678314209,13.161039352416992,13.263541221618652,1394324.0
2013-01-02,13.406362533569336,13.407820701599121,13.040077209472656,13.117803573608398,3165149.0
2013-01-03,13.258683204650879,13.92907428741455,13.164924621582031,13.47097396850586,4795584.0
2013-01-04,13.455913543701172,13.697837829589844,13.446683883666992,13.477289199829102,2790193.0
2013-01-07,13.543842315673828,13.75710391998291,13.37138557434082,13.45737075805664,2320135.0
2013-01-08,13.450570106506348,13.504979133605957,13.313092231750488,13.445226669311523,1046438.0
2013-01-09,13.513723373413086,13.551614761352539,13.262569427490234,13.322807312011719,1200517.0
2013-01-10,13.291231155395508,13.914985656738281,13.291231155395508,13.655088424682617,8543083.0
2013-01-11,13.761475563049316,13.888752937316895,13.427251815795898,13.456399917602539,1736035.0
2013-01-14,13.543842315673828,13.640028953552246,13.407820701599121,13.54238510131836,3086309.0
2013-01-15,13.806168556213379,14.169540405273438,13.602136611938477,13.660918235778809,19125111.0
2013-01-16,13.650715827941895,13.795967102050781,13.387417793273926,13.46417236328125,3614005.0
2013-01-17,13.502063751220703,13.697837829589844,13.407820701599121,13.430652618408203,2244382.0
2013-01-18,13.50449275970459,13.580761909484863,13.229049682617188,13.324750900268555,3131904.0
2013-01-21,13.330094337463379,13.602136611938477,13.229049682617188,13.518095016479492,23093899.0
2013-01-22,13.600680351257324,13.6779203414917,13.427251815795898,13.500606536865234,8636025.0
2013-01-23,13.720000267028809,13.720000267028809,13.140000343322754,13.201000213623047,2631400.0
2013-01-24,13.1899995803833,13.350000381469727,12.81149959564209,13.020000457763672,1168900.0
2013-01-25,13.109999656677246,13.25,12.914999961853027,13.076499938964844,685400.0
2013-01-28,13.237000465393066,13.237000465393066,12.949999809265137,13.005000114440918,741500.0
2013-01-29,13.010000228881836,13.149499893188477,12.845000267028809,12.952500343322754,852000.0
2013-01-30,12.999500274658203,13.149999618530273,12.800000190734863,13.050999641418457,1053500.0
2013-01-31,12.965499877929688,13.109999656677246,12.8100004196167,12.917499542236328,1080800.0
2013-02-01,12.961999893188477,13.069499969482422,12.894499778747559,12.96150016784668,1439600.0
2013-02-04,13.14799976348877,13.148500442504883,12.825499534606934,12.925000190734863,1135400.0
2013-02-05,12.90999984741211,12.978500366210938,12.720000267028809,12.803000450134277,489500.0
2013-02-06,12.946000099182129,12.954500198364258,12.739999771118164,12.798500061035156,1480400.0
2013-02-07,12.770500183105469,12.88700008392334,12.5600004196167,12.616000175476074,3120800.0
2013-02-08,12.550000190734863,12.600000381469727,12.430000305175781,12.509499549865723,834600.0
2013-02-11,12.597999572753906,12.600000381469727,12.359999656677246,12.44849967956543,1078500.0
2013-02-12,12.410499572753906,12.505000114440918,12.354999542236328,12.419500350952148,684100.0
2013-02-13,12.685999870300293,12.899999618530273,12.460000038146973,12.593999862670898,10469500.0
2013-02-14,12.649999618530273,12.979999542236328,12.600000381469727,12.919500350952148,9614300.0
2013-02-15,12.879500389099121,12.90149974822998,12.760000228881836,12.892999649047852,6106500.0
2013-02-18,12.899999618530273,12.899999618530273,12.670999526977539,12.781000137329102,426600.0
2013-02-19,12.845000267028809,12.979999542236328,12.65250015258789,12.710000038146973,9132100.0
2013-02-20,12.849499702453613,13.04699993133545,12.720000267028809,12.85099983215332,929500.0
2013-02-21,12.719499588012695,12.869999885559082,12.550999641418457,12.64799976348877,969400.0
2013-02-22,12.531499862670898,12.649499893188477,12.356499671936035,12.39050006866455,1286200.0
2013-02-25,12.609999656677246,13.017999649047852,12.439000129699707,12.866000175476074,4446000.0
2013-02-26,12.866000175476074,13.079999923706055,12.654500007629395,12.793499946594238,1971200.0
2013-02-27,12.879500389099121,13.1899995803833,12.73799991607666,13.111000061035156,1375800.0
2013-02-28,13.1899995803833,13.293499946594238,12.662500381469727,12.81350040435791,1267000.0
2013-03-01,12.99899959564209,12.99899959564209,12.699999809265137,12.822999954223633,1813400.0
2013-03-04,12.84000015258789,12.84000015258789,12.472999572753906,12.571999549865723,923300.0
2013-03-05,12.669500350952148,12.850000381469727,12.569999694824219,12.715999603271484,2678700.0
2013-03-06,12.788999557495117,12.788999557495117,12.446000099182129,12.482999801635742,1307700.0
2013-03-07,12.49899959564209,12.64799976348877,12.480500221252441,12.583000183105469,1757600.0
2013-03-08,12.699000358581543,12.949999809265137,12.640000343322754,12.84749984741211,2134900.0
2013-03-11,12.75,12.800000190734863,12.700499534606934,12.78849983215332,2084800.0
2013-03-12,12.88949966430664,12.88949966430664,12.59000015258789,12.623499870300293,1110500.0
2013-03-13,12.786999702453613,12.78849983215332,12.487000465393066,12.526000022888184,2765300.0
2013-03-14,12.689499855041504,12.699999809265137,12.420499801635742,12.66450023651123,866800.0
2013-03-15,12.704999923706055,13.149999618530273,12.600000381469727,12.989999771118164,3697300.0
2013-03-18,12.89799976348877,12.97700023651123,12.720000267028809,12.834500312805176,4936100.0
2013-03-19,12.84850025177002,12.84850025177002,12.5,12.53499984741211,696500.0
2013-03-20,12.486000061035156,12.651000022888184,12.460000038146973,12.491000175476074,456600.0
2013-03-21,12.57699966430664,12.637499809265137,12.255000114440918,12.36050033569336,3597200.0
2013-03-22,12.499500274658203,12.5,11.822999954223633,12.097000122070312,1095800.0
2013-03-25,12.149499893188477,12.149499893188477,11.649999618530273,11.743000030517578,6047100.0
2013-03-26,11.650500297546387,11.718500137329102,11.050000190734863,11.364999771118164,4395700.0
2013-03-28,11.358499526977539,11.884499549865723,11.065500259399414,11.480999946594238,8527900.0
2013-04-01,11.5625,11.850000381469727,11.5625,11.730999946594238,795600.0
2013-04-02,11.699999809265137,11.989999771118164,11.699999809265137,11.825499534606934,3924700.0
2013-04-03,11.760499954223633,12.149999618530273,11.760499954223633,12.069000244140625,9007800.0
2013-04-04,12.119999885559082,12.119999885559082,11.800000190734863,11.951499938964844,3184600.0
2013-04-05,11.810999870300293,12.010000228881836,11.654999732971191,11.727999687194824,4290700.0
2013-04-08,11.763999938964844,11.899499893188477,11.616000175476074,11.72599983215332,735200.0
2013-04-09,11.730500221252441,11.871500015258789,11.25,11.369500160217285,973700.0
2013-04-10,11.260000228881836,11.437000274658203,11.154999732971191,11.237500190734863,1314400.0
2013-04-11,11.199999809265137,11.223999977111816,11.050000190734863,11.107000350952148,1772600.0
2013-04-12,11.0,11.200499534606934,11.0,11.194999694824219,805700.0
2013-04-15,11.397000312805176,11.397000312805176,11.0,11.136500358581543,4143700.0
2013-04-16,10.970000267028809,11.347999572753906,10.970000267028809,11.242500305175781,3850800.0
2013-04-17,11.069999694824219,11.510000228881836,11.069999694824219,11.456500053405762,1520200.0
2013-04-18,11.220000267028809,11.849499702453613,11.220000267028809,11.714500427246094,1469900.0
2013-04-22,11.649999618530273,12.300000190734863,11.21500015258789,12.220499992370605,7438300.0
2013-04-23,12.14900016784668,12.489999771118164,12.128999710083008,12.391500473022461,739300.0
2013-04-25,12.5,13.029999732971191,12.4399995803833,12.904999732971191,2725100.0
2013-04-26,12.970000267028809,13.04699993133545,12.565999984741211,12.611000061035156,788400.0
2013-04-29,12.611000061035156,12.800000190734863,12.0,12.156999588012695,7275400.0
2013-04-30,12.394499778747559,12.399999618530273,12.155500411987305,12.262499809265137,597400.0
2013-05-02,12.309000015258789,12.74899959564209,12.309000015258789,12.680999755859375,1446000.0
2013-05-03,12.649999618530273,12.719499588012695,12.350000381469727,12.42300033569336,974300.0
2013-05-06,12.404999732971191,12.699999809265137,12.399999618530273,12.600500106811523,24875000.0
2013-05-07,12.649999618530273,12.899999618530273,12.649999618530273,12.81350040435791,5333200.0
2013-05-08,12.987000465393066,13.800000190734863,12.854000091552734,13.621000289916992,9050500.0
2013-05-09,13.25,14.010000228881836,13.25,13.899999618530273,12789700.0
2013-05-10,13.75,14.170000076293945,13.75,13.994500160217285,2103100.0
2013-05-13,14.178500175476074,14.178500175476074,13.723999977111816,13.787500381469727,2168800.0
2013-05-14,13.67300033569336,13.98900032043457,13.670000076293945,13.803500175476074,1072000.0
2013-05-15,13.70199966430664,14.5,13.6899995803833,14.011500358581543,15733300.0
2013-05-16,14.390000343322754,14.899999618530273,14.190999984741211,14.736000061035156,10179800.0
2013-05-17,14.84000015258789,15.24899959564209,14.75,15.092499732971191,12353600.0
2013-05-20,15.289999961853027,15.89900016784668,15.050000190734863,15.81149959564209,17414800.0
2013-05-21,15.739999771118164,15.949999809265137,14.649999618530273,14.923999786376953,6089600.0
2013-05-22,14.970000267028809,15.101499557495117,14.112500190734863,14.442999839782715,5223200.0
2013-05-23,14.180000305175781,14.338000297546387,13.880499839782715,14.251999855041504,2003700.0
2013-05-24,14.75,14.75,14.020000457763672,14.418499946594238,4259600.0
2013-05-27,14.5,14.697999954223633,14.229999542236328,14.555999755859375,1330400.0
2013-05-28,14.600000381469727,14.847000122070312,14.600000381469727,14.748499870300293,3628900.0
2013-05-29,14.619999885559082,14.887999534606934,14.619999885559082,14.820500373840332,1948200.0
2013-05-30,14.795000076293945,14.848999977111816,14.599499702453613,14.707500457763672,1337600.0
2013-05-31,14.5600004196167,14.779999732971191,14.5600004196167,14.72350025177002,1738800.0
2013-06-03,14.699999809265137,14.850000381469727,14.619999885559082,14.779000282287598,820900.0
2013-06-04,14.779500007629395,15.333000183105469,14.38700008392334,14.577500343322754,1174600.0
2013-06-05,14.649499893188477,14.748499870300293,14.453499794006348,14.670000076293945,750800.0
2013-06-06,14.748000144958496,14.748000144958496,14.369000434875488,14.543499946594238,579100.0
2013-06-07,14.549500465393066,15.100000381469727,14.459500312805176,15.033499717712402,2595100.0
2013-06-10,14.3100004196167,15.22700023651123,14.3100004196167,14.93649959564209,1446200.0
2013-06-11,14.949999809265137,15.100500106811523,14.804499626159668,14.949000358581543,30911000.0
2013-06-12,14.8125,14.977999687194824,14.50100040435791,14.564000129699707,1548400.0
2013-06-13,14.600000381469727,14.600000381469727,14.211000442504883,14.37600040435791,967200.0
2013-06-14,14.350500106811523,14.489500045776367,14.300000190734863,14.396499633789062,1840900.0
2013-06-17,14.449999809265137,14.689000129699707,14.300000190734863,14.380000114440918,2082300.0
2013-06-18,14.399999618530273,14.75,14.335000038146973,14.393500328063965,1707000.0
2013-06-19,14.489500045776367,14.73799991607666,14.25100040435791,14.296500205993652,4659300.0
2013-06-20,14.298999786376953,14.4399995803833,14.15250015258789,14.220000267028809,639600.0
2013-06-21,14.199000358581543,14.199000358581543,13.890000343322754,13.975500106811523,1366700.0
2013-06-24,13.751500129699707,13.878499984741211,13.300000190734863,13.414999961853027,1516200.0
2013-06-25,13.597000122070312,14.14799976348877,13.032500267028809,13.765000343322754,5565900.0
2013-06-26,13.800000190734863,14.099499702453613,13.411999702453613,13.741499900817871,1682100.0
2013-06-27,13.899999618530273,14.100000381469727,13.414999961853027,13.484999656677246,2527700.0
2013-06-28,13.757499694824219,14.218500137329102,13.467000007629395,13.84749984741211,3904700.0
2013-07-01,14.0,14.449999809265137,13.869999885559082,14.390000343322754,1891200.0
2013-07-02,14.454999923706055,14.649999618530273,13.786999702453613,14.18850040435791,19540100.0
2013-07-03,14.01550006866455,14.250499725341797,13.98799991607666,14.177499771118164,1118800.0
2013-07-04,14.151000022888184,14.151000022888184,13.94950008392334,14.079999923706055,564600.0
2013-07-05,14.100000381469727,14.148500442504883,13.911999702453613,14.133999824523926,841500.0
2013-07-08,14.197999954223633,14.197999954223633,13.81149959564209,13.871500015258789,1300200.0
2013-07-09,13.850500106811523,14.055500030517578,13.850000381469727,13.920999526977539,906500.0
2013-07-10,13.979999542236328,14.088000297546387,13.912500381469727,13.949000358581543,1248600.0
2013-07-11,14.0,14.5,14.0,14.493499755859375,16486200.0
2013-07-12,14.220000267028809,14.459500312805176,14.220000267028809,14.411499977111816,10005400.0
2013-07-15,14.270500183105469,14.857999801635742,14.270500183105469,14.81149959564209,1700800.0
2013-07-16,14.489500045776367,14.626500129699707,14.140000343322754,14.200499534606934,13070400.0
2013-07-17,14.232500076293945,14.548999786376953,14.0,14.105999946594238,2566100.0
2013-07-18,13.970000267028809,14.400500297546387,13.520500183105469,13.745499610900879,9591100.0
2013-07-19,13.75,13.850000381469727,13.15999984741211,13.253499984741211,3848700.0
2013-07-22,13.166000366210938,13.75,13.166000366210938,13.409500122070312,5029400.0
2013-07-23,13.319999694824219,13.727999687194824,12.286999702453613,13.56350040435791,12903200.0
2013-07-24,13.449999809265137,13.550000190734863,13.045000076293945,13.131500244140625,4370100.0
2013-07-25,13.388500213623047,13.388500213623047,12.880000114440918,13.026000022888184,1527100.0
2013-07-26,12.950499534606934,13.119999885559082,12.401000022888184,12.536999702453613,2433500.0
2013-07-29,12.536999702453613,12.630000114440918,12.050000190734863,12.104999542236328,2254500.0
2013-07-30,11.991000175476074,12.399999618530273,11.501999855041504,11.798999786376953,3023900.0
2013-07-31,11.604000091552734,11.604000091552734,11.097999572753906,11.439499855041504,4140400.0
2013-08-01,11.452500343322754,11.749500274658203,11.204500198364258,11.298500061035156,2036400.0
2013-08-02,11.30150032043457,11.381500244140625,10.640000343322754,11.025500297546387,3364200.0
2013-08-05,11.025500297546387,11.397000312805176,10.565999984741211,10.699000358581543,3246800.0
2013-08-06,10.660499572753906,10.660499572753906,10.100000381469727,10.19950008392334,3863500.0
2013-08-07,10.100000381469727,10.350000381469727,10.099499702453613,10.16100025177002,2757600.0
2013-08-08,10.199999809265137,10.649999618530273,10.189499855041504,10.527999877929688,3139700.0
2013-08-12,10.69950008392334,11.5,10.650500297546387,11.32349967956543,33790500.0
2013-08-13,11.379500389099121,12.69950008392334,11.210000038146973,12.4399995803833,3243900.0
2013-08-14,12.640000343322754,12.750499725341797,12.06350040435791,12.225000381469727,1522900.0
2013-08-16,12.060999870300293,12.300000190734863,11.449999809265137,11.501999855041504,22749100.0
2013-08-19,11.403499603271484,11.75,10.890000343322754,11.170000076293945,24759600.0
2013-08-20,11.170000076293945,11.760000228881836,10.251500129699707,11.553999900817871,4851800.0
2013-08-21,11.75,11.99899959564209,10.800000190734863,11.000499725341797,1191600.0
2013-08-22,10.680000305175781,11.339500427246094,10.680000305175781,10.957500457763672,953200.0
2013-08-23,11.25,11.479999542236328,11.00100040435791,11.376999855041504,2048400.0
2013-08-26,11.300000190734863,11.48799991607666,11.109999656677246,11.21049976348877,1499500.0
2013-08-27,11.423999786376953,11.423999786376953,10.3149995803833,10.42650032043457,4746200.0
2013-08-28,10.359999656677246,10.359999656677246,9.75,9.842499732971191,5883700.0
2013-08-29,10.130000114440918,10.177000045776367,9.652999877929688,10.079500198364258,6455000.0
2013-08-30,9.800000190734863,10.34000015258789,9.800000190734863,10.267999649047852,3606100.0
2013-09-02,10.350000381469727,10.550000190734863,9.849499702453613,10.118000030517578,9272400.0
2013-09-03,10.239999771118164,10.239999771118164,9.859999656677246,10.008999824523926,2643900.0
2013-09-04,9.911999702453613,10.08899974822998,9.800000190734863,9.857999801635742,2582900.0
2013-09-05,10.079999923706055,10.829500198364258,10.001999855041504,10.664999961853027,9344200.0
2013-09-06,10.720000267028809,11.149999618530273,10.700499534606934,10.954999923706055,3046800.0
2013-09-10,11.300000190734863,11.550000190734863,11.100000381469727,11.47249984741211,4042000.0
2013-09-11,11.40999984741211,11.699999809265137,11.40999984741211,11.652999877929688,2183600.0
2013-09-12,11.6899995803833,11.75,11.100000381469727,11.258999824523926,1185900.0
2013-09-13,11.319999694824219,11.546500205993652,11.125,11.455499649047852,2134700.0
2013-09-16,11.544500350952148,11.684499740600586,11.300000190734863,11.41100025177002,1756200.0
2013-09-17,11.4399995803833,13.4399995803833,11.398500442504883,11.795999526977539,2883700.0
2013-09-18,11.918999671936035,12.472999572753906,11.726499557495117,12.218500137329102,3788700.0
2013-09-19,12.399499893188477,12.75,12.06149959564209,12.456000328063965,12981900.0
2013-09-20,12.74899959564209,13.1899995803833,12.11050033569336,12.928500175476074,6894800.0
2013-09-23,12.750499725341797,12.862500190734863,12.300000190734863,12.504500389099121,1452700.0
2013-09-24,12.380000114440918,12.380000114440918,11.75100040435791,11.81350040435791,3275100.0
2013-09-25,11.791999816894531,12.039999961853027,11.651000022888184,11.909500122070312,1525200.0
2013-09-26,11.960000038146973,12.00100040435791,11.649999618530273,11.708999633789062,3671200.0
2013-09-27,11.880000114440918,11.901000022888184,11.550999641418457,11.774999618530273,2054000.0
2013-09-30,11.899999618530273,11.899999618530273,11.550999641418457,11.654999732971191,378300.0
2013-10-01,11.570500373840332,11.746999740600586,11.411999702453613,11.555000305175781,1747100.0
2013-10-03,11.552000045776367,12.149999618530273,11.552000045776367,12.04800033569336,1181000.0
2013-10-04,11.99899959564209,12.649999618530273,11.99899959564209,12.480500221252441,4035000.0
2013-10-07,12.359999656677246,12.749500274658203,12.359999656677246,12.61050033569336,2854800.0
2013-10-08,12.745499610900879,12.98799991607666,12.699999809265137,12.91100025177002,4492300.0
2013-10-09,12.899999618530273,12.899999618530273,12.75,12.817999839782715,2380400.0
2013-10-10,12.760000228881836,12.87600040435791,12.552000045776367,12.63700008392334,1478300.0
2013-10-11,12.738499641418457,12.789999961853027,12.588000297546387,12.609000205993652,1585000.0
2013-10-14,12.789999961853027,12.996500015258789,12.640000343322754,12.954999923706055,1311000.0
2013-10-15,12.951000213623047,13.020000457763672,12.520999908447266,12.769499778747559,12420300.0
2013-10-17,12.612000465393066,12.819499969482422,12.600000381469727,12.775500297546387,1484100.0
2013-10-18,12.732500076293945,12.920499801635742,12.699999809265137,12.784500122070312,1784300.0
2013-10-21,12.78499984741211,12.977999687194824,12.783499717712402,12.894000053405762,1404000.0
2013-10-22,12.819999694824219,13.020000457763672,12.789999961853027,12.960000038146973,5666300.0
2013-10-23,12.958000183105469,13.069999694824219,12.80049991607666,12.852999687194824,815000.0
2013-10-24,12.600000381469727,12.949000358581543,12.600000381469727,12.74899959564209,748200.0
2013-10-25,12.670000076293945,13.086000442504883,12.579999923706055,12.857999801635742,1253300.0
2013-10-28,12.899999618530273,13.149999618530273,12.701499938964844,12.744000434875488,361500.0
2013-10-29,12.75,13.100000381469727,12.510000228881836,12.895000457763672,7361200.0
2013-10-30,12.96500015258789,13.355999946594238,12.90250015258789,13.162500381469727,6425400.0
2013-10-31,13.282999992370605,13.638999938964844,13.003999710083008,13.530500411987305,5754900.0
2013-11-01,13.500499725341797,13.75,13.253999710083008,13.673500061035156,3801400.0
2013-11-05,13.649999618530273,13.681500434875488,13.350000381469727,13.41100025177002,5190100.0
2013-11-06,13.5,13.890000343322754,13.349499702453613,13.732000350952148,1766300.0
2013-11-07,13.650500297546387,14.229999542236328,13.649999618530273,14.092499732971191,3720400.0
2013-11-08,14.100000381469727,14.229999542236328,13.701000213623047,13.95199966430664,2306700.0
2013-11-11,14.047499656677246,14.199999809265137,13.949999809265137,14.116499900817871,2795700.0
2013-11-12,14.116499900817871,14.347999572753906,14.040499687194824,14.112500190734863,1466900.0
2013-11-13,14.000499725341797,14.142000198364258,13.850000381469727,14.010499954223633,2547000.0
2013-11-14,14.108499526977539,14.479999542236328,14.012999534606934,14.249500274658203,4241200.0
2013-11-18,14.319999694824219,14.59000015258789,14.102999687194824,14.263500213623047,2769900.0
2013-11-19,14.270999908447266,14.447999954223633,14.170000076293945,14.378000259399414,792400.0
2013-11-20,14.347000122070312,14.447999954223633,14.222000122070312,14.278499603271484,860100.0
2013-11-21,14.3100004196167,14.380000114440918,13.871999740600586,13.949000358581543,1056600.0
2013-11-22,13.999500274658203,13.999500274658203,13.649999618530273,13.784000396728516,2478300.0
2013-11-25,13.733499526977539,14.149999618530273,13.65999984741211,13.987000465393066,5152300.0
2013-11-26,13.849499702453613,14.100000381469727,13.651000022888184,13.758500099182129,11043600.0
2013-11-27,14.150500297546387,14.150500297546387,13.800999641418457,13.895000457763672,2541600.0
2013-11-28,13.933500289916992,13.999500274658203,13.75,13.895500183105469,7001500.0
2013-11-29,13.760000228881836,14.14799976348877,13.760000228881836,14.105500221252441,2392300.0
2013-12-02,14.09000015258789,14.28950023651123,13.91100025177002,14.062000274658203,6870300.0
2013-12-03,14.178500175476074,14.887999534606934,14.050999641418457,14.699000358581543,7449700.0
2013-12-04,14.600000381469727,14.829500198364258,14.322999954223633,14.603500366210938,15143500.0
2013-12-05,14.788000106811523,14.949999809265137,14.399999618530273,14.522500038146973,2905600.0
2013-12-06,14.549500465393066,15.0,14.507499694824219,14.887999534606934,2121800.0
2013-12-09,15.050000190734863,15.189499855041504,14.644499778747559,14.968500137329102,3021000.0
2013-12-10,15.050000190734863,15.050000190734863,14.895500183105469,15.005999565124512,1905700.0
2013-12-11,14.999500274658203,15.029999732971191,14.814000129699707,14.927499771118164,1004000.0
2013-12-12,14.850500106811523,15.050000190734863,14.600000381469727,14.96500015258789,2301900.0
2013-12-13,14.803000450134277,14.979499816894531,14.75,14.815500259399414,6503000.0
2013-12-16,14.532500267028809,14.958000183105469,14.532500267028809,14.833000183105469,2256200.0
2013-12-17,14.800000190734863,14.899999618530273,14.767999649047852,14.798500061035156,2986500.0
2013-12-18,14.638500213623047,15.03950023651123,14.51550006866455,14.953499794006348,2985300.0
2013-12-19,14.805999755859375,15.045999526977539,14.666999816894531,14.819000244140625,2173000.0
2013-12-20,14.780500411987305,15.0,14.699999809265137,14.947500228881836,2325700.0
2013-12-23,15.069999694824219,15.600000381469727,14.999500274658203,15.552499771118164,3719100.0
2013-12-24,15.694999694824219,15.75,15.270500183105469,15.317999839782715,6834200.0
2013-12-26,15.479999542236328,15.479999542236328,15.109999656677246,15.185500144958496,1061300.0
2013-12-27,14.949999809265137,15.39799976348877,14.949999809265137,15.24899959564209,1037400.0
2013-12-30,15.5,15.799500465393066,15.449999809265137,15.559499740600586,2908800.0
2013-12-31,15.51449966430664,15.890000343322754,15.51449966430664,15.8125,2568000.0
2014-01-01,15.600000381469727,16.149999618530273,15.600000381469727,15.70300006866455,1199500.0
2014-01-02,15.704999923706055,15.80049991607666,15.588000297546387,15.692000389099121,697300.0
2014-01-03,15.718000411987305,16.040000915527344,15.386500358581543,15.555000305175781,5128200.0
2014-01-06,15.71150016784668,15.800000190734863,15.300999641418457,15.51449966430664,4769600.0
2014-01-07,15.552499771118164,15.718999862670898,15.45300006866455,15.540499687194824,2253900.0
2014-01-08,15.607500076293945,15.607500076293945,15.449999809265137,15.554499626159668,1756800.0
2014-01-09,15.461000442504883,15.57800006866455,15.369999885559082,15.503499984741211,3188200.0
2014-01-10,15.597999572753906,15.645000457763672,15.491499900817871,15.605500221252441,2183900.0
2014-01-13,15.61050033569336,15.718000411987305,15.55150032043457,15.659000396728516,1445600.0
2014-01-14,15.69950008392334,15.69950008392334,15.50100040435791,15.530500411987305,366000.0
2014-01-15,15.539999961853027,15.697999954223633,15.319999694824219,15.548999786376953,6362600.0
2014-01-16,15.550000190734863,16.040000915527344,15.48799991607666,15.840499877929688,3605500.0
2014-01-17,15.680000305175781,15.84000015258789,15.350000381469727,15.737500190734863,1908300.0
2014-01-20,15.800000190734863,15.9399995803833,15.510499954223633,15.694999694824219,900000.0
2014-01-21,15.699999809265137,16.0,15.678000450134277,15.968500137329102,1141400.0
2014-01-22,16.010000228881836,16.100000381469727,15.65149974822998,15.734999656677246,1061800.0
2014-01-23,15.850000381469727,15.850000381469727,15.50100040435791,15.743499755859375,693400.0
2014-01-24,15.848999977111816,15.848999977111816,15.343000411987305,15.505499839782715,1734000.0
2014-01-27,15.449999809265137,15.449999809265137,14.720000267028809,14.917499542236328,1689900.0
2014-01-28,14.768500328063965,15.479999542236328,14.75,15.357500076293945,2383200.0
2014-01-29,15.449999809265137,15.58650016784668,14.961999893188477,15.121999740600586,413100.0
2014-01-30,14.85949993133545,15.088000297546387,14.850000381469727,14.984000205993652,5068000.0
2014-01-31,15.005499839782715,15.550000190734863,15.0,15.31149959564209,734800.0
2014-02-03,15.4399995803833,15.4399995803833,14.820500373840332,14.923999786376953,983900.0
2014-02-04,15.128499984741211,15.243000030517578,14.75,14.812999725341797,515900.0
2014-02-05,14.894000053405762,15.100000381469727,14.755000114440918,14.843000411987305,497800.0
2014-02-06,15.149999618530273,15.149999618530273,14.759499549865723,14.831500053405762,1315400.0
2014-02-07,14.999500274658203,15.010000228881836,14.80049991607666,14.939000129699707,305600.0
2014-02-10,15.020000457763672,15.19950008392334,14.780500411987305,14.857500076293945,329100.0
2014-02-11,14.989500045776367,15.0,14.600000381469727,14.656000137329102,168200.0
2014-02-12,14.800000190734863,14.949999809265137,14.702500343322754,14.819000244140625,1193600.0
2014-02-13,14.671500205993652,14.98900032043457,14.671500205993652,14.821999549865723,838600.0
2014-02-14,14.822500228881836,14.949999809265137,14.609999656677246,14.753999710083008,310700.0
2014-02-17,14.750499725341797,15.12399959564209,14.750499725341797,15.03849983215332,1506000.0
2014-02-18,15.510000228881836,15.779999732971191,15.0600004196167,15.57450008392334,8535600.0
2014-02-19,15.510499954223633,15.510499954223633,15.347999572753906,15.402000427246094,745300.0
2014-02-20,15.449999809265137,15.477999687194824,14.932000160217285,15.123000144958496,791000.0
2014-02-21,15.050999641418457,15.399999618530273,15.010499954223633,15.296500205993652,1091000.0
2014-02-24,15.29699993133545,15.5,15.16349983215332,15.262999534606934,586100.0
2014-02-25,15.119999885559082,15.5600004196167,15.119999885559082,15.533499717712402,5958500.0
2014-02-26,15.600000381469727,15.649999618530273,15.255000114440918,15.479000091552734,892600.0
2014-02-28,15.550000190734863,15.850000381469727,15.499500274658203,15.71500015258789,1607100.0
2014-03-03,15.78950023651123,15.9399995803833,15.650500297546387,15.88949966430664,15068400.0
2014-03-04,15.720000267028809,15.899999618530273,15.720000267028809,15.85099983215332,881900.0
2014-03-05,15.850000381469727,15.968000411987305,15.5,15.576000213623047,1832600.0
2014-03-06,15.621000289916992,16.470500946044922,15.609999656677246,16.163999557495117,5313300.0
2014-03-07,16.20050048828125,16.450000762939453,15.866000175476074,16.367000579833984,4682400.0
2014-03-10,16.367000579833984,16.75,16.226999282836914,16.72100067138672,6902500.0
2014-03-11,16.707500457763672,17.13050079345703,16.691499710083008,16.94700050354004,3036400.0
2014-03-12,16.959999084472656,17.08799934387207,16.850000381469727,16.907499313354492,944800.0
2014-03-13,17.25,17.25,16.299999237060547,16.470500946044922,1025600.0
2014-03-14,16.5,16.700000762939453,16.354999542236328,16.558000564575195,1189300.0
2014-03-18,16.5,16.799999237060547,16.410499572753906,16.70199966430664,1363000.0
2014-03-19,16.50349998474121,16.809499740600586,16.45800018310547,16.691999435424805,3110500.0
2014-03-20,16.700000762939453,16.72800064086914,16.5,16.519500732421875,7044100.0
2014-03-21,16.530500411987305,16.808000564575195,16.530000686645508,16.732999801635742,1993000.0
2014-03-24,16.84000015258789,16.95800018310547,16.5,16.569499969482422,1076900.0
2014-03-25,16.530500411987305,16.847999572753906,16.506999969482422,16.604000091552734,7825700.0
2014-03-26,16.84749984741211,16.847999572753906,16.549999237060547,16.59950065612793,5335600.0
2014-03-27,16.600500106811523,17.04800033569336,16.5,16.979000091552734,3692300.0
2014-03-28,16.818500518798828,18.24799919128418,16.818500518798828,17.976999282836914,8717000.0
2014-03-31,18.0,18.149999618530273,17.649999618530273,17.90999984741211,2686500.0
2014-04-01,17.899999618530273,17.988000869750977,17.30299949645996,17.774499893188477,4765300.0
2014-04-02,18.0,18.0,17.410499572753906,17.514999389648438,2669800.0
2014-04-03,17.180500030517578,17.549999237060547,16.615999221801758,17.457500457763672,4806800.0
2014-04-04,17.420000076293945,17.72949981689453,17.27050018310547,17.583999633789062,1402100.0
2014-04-07,17.638999938964844,17.898000717163086,17.600000381469727,17.679000854492188,918400.0
2014-04-09,17.649999618530273,17.927499771118164,17.470500946044922,17.5625,4270800.0
2014-04-10,17.440500259399414,18.15999984741211,17.440500259399414,17.861000061035156,16494400.0
2014-04-11,17.899999618530273,18.049999237060547,17.600000381469727,17.624000549316406,1397600.0
2014-04-15,17.65999984741211,17.79450035095215,17.459999084472656,17.577499389648438,1833200.0
2014-04-16,17.640499114990234,17.899999618530273,17.570499420166016,17.726999282836914,9339800.0
2014-04-17,17.799999237060547,17.885000228881836,17.600000381469727,17.672000885009766,8537600.0
2014-04-21,17.6299991607666,17.999000549316406,17.56999969482422,17.68950080871582,7016100.0
2014-04-22,17.760000228881836,17.8799991607666,17.54400062561035,17.651500701904297,16532900.0
2014-04-23,17.660499572753906,18.510000228881836,17.65999984741211,18.267499923706055,5004800.0
2014-04-24,18.267499923706055,18.267499923706055,18.267499923706055,18.267499923706055,0.0
2014-04-25,18.48349952697754,18.48349952697754,17.865999221801758,18.1299991607666,2266400.0
2014-04-28,18.39299964904785,18.600000381469727,18.020000457763672,18.56800079345703,1900500.0
2014-04-29,18.413000106811523,18.788999557495117,18.26449966430664,18.725500106811523,2954900.0
2014-04-30,18.690000534057617,18.89900016784668,18.280000686645508,18.698999404907227,4711000.0
2014-05-02,18.979999542236328,18.979999542236328,18.700000762939453,18.777999877929688,855800.0
2014-05-05,18.75,18.8174991607666,18.588499069213867,18.7814998626709,642400.0
2014-05-06,18.510000228881836,18.89900016784668,18.510000228881836,18.791000366210938,8320400.0
2014-05-07,18.60300064086914,18.857999801635742,18.60300064086914,18.838499069213867,8936300.0
2014-05-08,18.662500381469727,18.90049934387207,18.662500381469727,18.889999389648438,955700.0
2014-05-09,18.88599967956543,19.049999237060547,18.81800079345703,19.017000198364258,2512600.0
2014-05-12,18.9685001373291,19.219499588012695,18.530000686645508,19.000999450683594,9285600.0
2014-05-13,19.18000030517578,19.18000030517578,18.31100082397461,18.798500061035156,5057700.0
2014-05-14,18.79949951171875,19.0,17.850000381469727,18.05900001525879,4048400.0
2014-05-15,18.100000381469727,18.100000381469727,17.049999237060547,17.35650062561035,9318100.0
2014-05-16,17.700000762939453,18.0,17.5,17.713499069213867,5966800.0
2014-05-19,17.729999542236328,18.199499130249023,17.729999542236328,17.999000549316406,14438200.0
2014-05-20,18.103500366210938,18.1825008392334,17.700000762939453,17.802499771118164,6544100.0
2014-05-21,18.13949966430664,18.489500045776367,17.878000259399414,18.409500122070312,3973600.0
2014-05-22,18.5,20.700000762939453,18.409500122070312,20.43549919128418,14796500.0
2014-05-23,20.700000762939453,20.700000762939453,20.05500030517578,20.278499603271484,2847800.0
2014-05-26,20.670000076293945,20.899999618530273,19.399999618530273,20.058500289916992,4504100.0
2014-05-27,19.5,20.25,19.5,19.783000946044922,5453000.0
2014-05-28,20.148000717163086,20.148000717163086,19.149999618530273,19.457500457763672,3062400.0
2014-05-29,19.301000595092773,19.947999954223633,19.301000595092773,19.894500732421875,862200.0
2014-05-30,20.079999923706055,20.398000717163086,19.700000762939453,20.208499908447266,3352200.0
2014-06-02,20.357999801635742,21.0,20.086999893188477,20.837499618530273,4104200.0
2014-06-03,20.922500610351562,22.299999237060547,20.898500442504883,21.137500762939453,3762100.0
2014-06-04,21.489999771118164,21.550500869750977,20.601999282836914,21.135499954223633,1099200.0
2014-06-05,21.1299991607666,22.0,20.600000381469727,21.835500717163086,2348000.0
2014-06-06,22.0,22.0,21.166000366210938,21.467500686645508,6723500.0
2014-06-09,21.989999771118164,21.989999771118164,21.149999618530273,21.490999221801758,6161500.0
2014-06-10,21.52750015258789,21.52750015258789,20.792999267578125,21.120500564575195,3010700.0
2014-06-11,21.15850067138672,21.45599937438965,20.118499755859375,20.409500122070312,2823900.0
2014-06-12,20.0,21.20800018310547,19.54400062561035,20.604999542236328,10122300.0
2014-06-13,20.98900032043457,20.98900032043457,19.950000762939453,20.253000259399414,3729200.0
2014-06-16,20.68899917602539,20.68899917602539,19.753000259399414,19.93950080871582,3938000.0
2014-06-17,19.929500579833984,19.950000762939453,19.056499481201172,19.67650032043457,8111600.0
2014-06-18,19.850000381469727,21.488000869750977,19.67650032043457,21.139999389648438,3612400.0
2014-06-19,21.219999313354492,21.449499130249023,20.70050048828125,20.991500854492188,2175800.0
2014-06-20,20.781999588012695,21.049999237060547,20.52199935913086,20.72599983215332,2877000.0
2014-06-23,20.6200008392334,20.93950080871582,20.512500762939453,20.602500915527344,665700.0
2014-06-24,20.40049934387207,20.739999771118164,20.299999237060547,20.32900047302246,4513300.0
2014-06-25,20.450000762939453,20.57550048828125,19.93000030517578,20.11949920654297,2916100.0
2014-06-26,20.6200008392334,20.6200008392334,19.959999084472656,20.051000595092773,3136500.0
2014-06-27,20.199499130249023,20.218000411987305,19.809999465942383,19.993000030517578,3055600.0
2014-06-30,20.100000381469727,20.290000915527344,19.950000762939453,20.065500259399414,1653900.0
2014-07-01,20.239999771118164,20.239999771118164,20.0,20.096500396728516,4688200.0
2014-07-02,20.100000381469727,21.18899917602539,20.100000381469727,20.999000549316406,6191800.0
2014-07-03,20.860000610351562,21.895000457763672,20.799999237060547,21.756000518798828,5565900.0
2014-07-04,21.31999969482422,23.350000381469727,21.31999969482422,22.709999084472656,4165500.0
2014-07-07,23.16950035095215,23.679500579833984,22.100000381469727,22.2185001373291,3222100.0
2014-07-08,22.600000381469727,22.600000381469727,21.350000381469727,21.4375,1923500.0
2014-07-09,21.649999618530273,22.799999237060547,21.35099983215332,21.80150032043457,2307900.0
2014-07-10,21.849000930786133,22.563499450683594,20.621999740600586,21.981000900268555,3997900.0
2014-07-11,21.859500885009766,22.3700008392334,21.050500869750977,21.267499923706055,1122900.0
2014-07-14,21.5674991607666,22.149999618530273,21.299999237060547,21.421499252319336,1315000.0
2014-07-15,21.510000228881836,22.1299991607666,21.510000228881836,21.965499877929688,3106900.0
2014-07-16,22.295000076293945,22.3700008392334,21.711000442504883,21.890499114990234,4487000.0
2014-07-17,22.149999618530273,22.290000915527344,21.90999984741211,21.9950008392334,2646100.0
2014-07-18,22.179500579833984,22.179500579833984,21.50349998474121,21.83799934387207,2881100.0
2014-07-21,21.8799991607666,22.15850067138672,21.649999618530273,21.752500534057617,2885700.0
2014-07-22,21.662500381469727,22.449499130249023,21.649999618530273,22.3125,1377700.0
2014-07-23,22.469999313354492,22.565000534057617,22.100000381469727,22.420499801635742,1324800.0
2014-07-24,22.47450065612793,22.988000869750977,22.399999618530273,22.857999801635742,4084000.0
2014-07-25,22.999000549316406,23.204999923706055,22.024999618530273,22.930500030517578,7371400.0
2014-07-28,22.399999618530273,22.760000228881836,22.100500106811523,22.26300048828125,1733900.0
2014-07-30,22.200000762939453,22.600000381469727,22.010499954223633,22.135499954223633,3537300.0
2014-07-31,22.13450050354004,22.399999618530273,21.850000381469727,21.923999786376953,4863200.0
2014-08-01,22.25,22.549999237060547,21.71150016784668,21.982999801635742,1756000.0
2014-08-04,22.499500274658203,22.499500274658203,21.850000381469727,21.941999435424805,1218500.0
2014-08-05,21.850000381469727,22.190000534057617,21.802000045776367,22.066999435424805,2146900.0
2014-08-06,21.90049934387207,22.100000381469727,21.81999969482422,21.870500564575195,809000.0
2014-08-07,21.719999313354492,22.100000381469727,21.610000610351562,21.904499053955078,7479600.0
2014-08-08,21.899999618530273,22.5,21.500499725341797,22.039499282836914,1957600.0
2014-08-11,22.0,22.8799991607666,22.0,22.493499755859375,2361400.0
2014-08-12,22.780000686645508,22.950000762939453,22.365999221801758,22.76799964904785,8284800.0
2014-08-13,22.540000915527344,23.079999923706055,22.495500564575195,22.535999298095703,1333600.0
2014-08-14,22.31999969482422,23.038000106811523,22.31999969482422,22.597000122070312,4424700.0
2014-08-18,22.91900062561035,22.93000030517578,22.450000762939453,22.76300048828125,1212100.0
2014-08-19,22.571500778198242,22.99449920654297,22.500999450683594,22.72599983215332,2477200.0
2014-08-20,22.96500015258789,22.96500015258789,22.730499267578125,22.84950065612793,10504900.0
2014-08-21,22.80500030517578,23.600000381469727,22.80500030517578,23.322999954223633,2000800.0
2014-08-22,23.200000762939453,23.850000381469727,23.200000762939453,23.746000289916992,1459200.0
2014-08-25,23.45549964904785,24.299999237060547,23.45549964904785,23.982999801635742,1993500.0
2014-08-26,24.049999237060547,24.200000762939453,23.850000381469727,24.149499893188477,1280000.0
2014-08-27,24.200000762939453,24.899999618530273,24.200000762939453,24.75550079345703,4764800.0
2014-08-28,24.507999420166016,24.757999420166016,24.507999420166016,24.714000701904297,14013300.0
2014-09-01,24.719999313354492,24.780000686645508,24.0049991607666,24.37150001525879,2690200.0
2014-09-02,24.3700008392334,24.597999572753906,24.200000762939453,24.292499542236328,881800.0
2014-09-03,24.270000457763672,24.94499969482422,24.200000762939453,24.86050033569336,2871900.0
2014-09-04,24.649999618530273,24.899999618530273,24.051000595092773,24.44300079345703,2702600.0
2014-09-05,24.299999237060547,24.690000534057617,24.010000228881836,24.3700008392334,1156600.0
2014-09-08,24.59950065612793,25.986000061035156,24.200000762939453,25.760000228881836,3115100.0
2014-09-09,25.899999618530273,26.479999542236328,25.5,26.125499725341797,3046600.0
2014-09-10,26.2189998626709,26.450000762939453,25.472999572753906,25.683500289916992,1008400.0
2014-09-11,25.84600067138672,26.360000610351562,25.479999542236328,25.990999221801758,1719800.0
2014-09-12,26.34000015258789,26.34000015258789,25.999500274658203,26.22100067138672,1182400.0
2014-09-15,26.200000762939453,26.399499893188477,25.549999237060547,25.756500244140625,2813500.0
2014-09-16,26.170000076293945,26.170000076293945,25.549999237060547,25.715499877929688,2176100.0
2014-09-17,25.715499877929688,25.940000534057617,24.586999893188477,24.805999755859375,1647000.0
2014-09-18,25.459999084472656,26.200000762939453,24.562000274658203,25.507999420166016,1458900.0
2014-09-19,25.739999771118164,27.128000259399414,25.450000762939453,26.875999450683594,3817000.0
2014-09-22,26.610000610351562,27.198999404907227,26.454500198364258,26.82349967956543,1687700.0
2014-09-23,26.82349967956543,27.05900001525879,26.200000762939453,26.453500747680664,756800.0
2014-09-24,26.714000701904297,26.714500427246094,25.799999237060547,26.12150001525879,794700.0
2014-09-25,26.202999114990234,26.399999618530273,24.989999771118164,25.253999710083008,2525100.0
2014-09-26,25.0,25.700000762939453,24.920000076293945,25.569499969482422,3711200.0
2014-09-29,25.209999084472656,26.767000198364258,25.209999084472656,26.536500930786133,580800.0
2014-09-30,26.536500930786133,27.5,26.529499053955078,27.21299934387207,5372500.0
2014-10-01,27.209999084472656,28.100000381469727,26.743499755859375,27.70050048828125,6349700.0
2014-10-07,27.940000534057617,27.973499298095703,26.540000915527344,26.83799934387207,4899100.0
2014-10-08,27.007999420166016,27.27199935913086,26.70549964904785,27.013999938964844,1341200.0
2014-10-09,27.5,27.951000213623047,27.049999237060547,27.707000732421875,4362200.0
2014-10-10,27.799999237060547,27.799999237060547,27.050500869750977,27.316999435424805,2749600.0
2014-10-13,27.0,27.8799991607666,26.75,26.87299919128418,853000.0
2014-10-14,27.209999084472656,27.8700008392334,27.0,27.277000427246094,6291400.0
2014-10-15,27.277000427246094,27.277000427246094,27.277000427246094,27.277000427246094,0.0
2014-10-16,27.07900047302246,27.249500274658203,26.25,26.402000427246094,4973800.0
2014-10-17,26.659500122070312,26.700000762939453,25.389999389648438,25.656999588012695,2294300.0
2014-10-20,26.040000915527344,26.249500274658203,25.379499435424805,25.878999710083008,1109900.0
2014-10-21,25.989999771118164,26.600000381469727,25.800500869750977,26.4375,1464200.0
2014-10-22,26.440500259399414,27.1200008392334,26.440500259399414,26.982500076293945,748400.0
2014-10-27,27.31999969482422,28.838499069213867,27.270000457763672,28.41900062561035,4833900.0
2014-10-28,28.166000366210938,28.67799949645996,28.0,28.166500091552734,1326300.0
2014-10-29,28.118499755859375,28.389999389648438,27.181499481201172,27.453500747680664,9653800.0
2014-10-30,27.209999084472656,28.100000381469727,27.209999084472656,27.95050048828125,1237800.0
2014-10-31,28.098499298095703,28.3799991607666,27.799999237060547,28.084999084472656,3217900.0
2014-11-03,28.399999618530273,28.399999618530273,27.31599998474121,27.89699935913086,2915000.0
2014-11-05,28.309999465942383,28.700000762939453,27.70050048828125,28.542499542236328,2914500.0
2014-11-07,28.699499130249023,29.989999771118164,28.350000381469727,28.831499099731445,6039800.0
2014-11-10,29.149999618530273,29.149999618530273,28.551000595092773,28.915000915527344,2291700.0
2014-11-11,28.65999984741211,29.362499237060547,28.65999984741211,28.97249984741211,1278300.0
2014-11-12,28.979999542236328,29.989999771118164,28.979999542236328,29.872499465942383,1664100.0
2014-11-13,29.95599937438965,30.200000762939453,29.600000381469727,29.85650062561035,1227800.0
2014-11-14,29.700000762939453,30.18000030517578,29.55299949645996,29.76799964904785,1976500.0
2014-11-17,30.18000030517578,33.849998474121094,29.770000457763672,32.78049850463867,5881300.0
2014-11-18,32.5099983215332,32.70000076293945,31.606000900268555,31.677499771118164,2036200.0
2014-11-19,31.979999542236328,32.08000183105469,30.049999237060547,30.249000549316406,3999300.0
2014-11-20,30.350000381469727,31.25,29.687000274658203,31.164499282836914,1360700.0
2014-11-21,31.299999237060547,32.077999114990234,30.860000610351562,30.95599937438965,1552200.0
2014-11-24,30.96500015258789,31.989999771118164,30.30299949645996,30.496000289916992,1606800.0
2014-11-25,30.70050048828125,30.70050048828125,29.551000595092773,30.055999755859375,2524800.0
2014-11-26,30.318500518798828,30.5,29.760000228881836,30.011499404907227,1102600.0
2014-11-27,30.090499877929688,30.618999481201172,29.800500869750977,30.454999923706055,1193700.0
2014-11-28,30.517000198364258,31.100000381469727,30.454999923706055,30.918500900268555,1929900.0
2014-12-01,31.018999099731445,31.399999618530273,30.320999145507812,30.87150001525879,4525200.0
2014-12-02,30.562999725341797,31.100000381469727,30.363000869750977,30.951000213623047,1658900.0
2014-12-03,31.078500747680664,31.449499130249023,30.5,31.054500579833984,5016000.0
2014-12-04,31.190000534057617,31.56999969482422,30.651500701904297,31.309999465942383,3114000.0
2014-12-05,31.000999450683594,32.20050048828125,31.000999450683594,31.99799919128418,1812400.0
2014-12-08,32.20000076293945,32.79999923706055,31.690500259399414,32.547000885009766,1994700.0
2014-12-09,32.689998626708984,32.77000045776367,32.25,32.51449966430664,1324700.0
2014-12-10,32.51449966430664,32.7599983215332,31.86949920654297,31.95599937438965,846600.0
2014-12-11,31.95599937438965,33.339500427246094,31.620500564575195,33.025001525878906,2765200.0
2014-12-12,33.220001220703125,33.356998443603516,32.80149841308594,33.03799819946289,840300.0
2014-12-15,33.0,33.70000076293945,32.48749923706055,33.43349838256836,1129100.0
2014-12-16,33.41999816894531,33.41999816894531,31.399999618530273,31.581499099731445,1629000.0
2014-12-17,31.780000686645508,32.400001525878906,31.000499725341797,32.00749969482422,1595300.0
2014-12-18,32.3489990234375,33.75,32.22549819946289,33.24549865722656,3191400.0
2014-12-19,33.27000045776367,33.459999084472656,33.11899948120117,33.266998291015625,2694800.0
2014-12-22,33.08000183105469,33.470001220703125,32.650001525878906,33.29199981689453,1402400.0
2014-12-23,33.41899871826172,35.150001525878906,33.11650085449219,34.83599853515625,3296600.0
2014-12-24,34.970001220703125,34.970001220703125,34.0,34.24800109863281,886900.0
2014-12-26,34.20000076293945,34.79999923706055,33.959999084472656,34.59400177001953,698300.0
2014-12-29,34.819000244140625,35.189998626708984,34.41999816894531,34.670501708984375,1577400.0
2014-12-30,34.640499114990234,34.790000915527344,34.22249984741211,34.59149932861328,1138500.0
2014-12-31,34.59000015258789,35.359500885009766,34.050498962402344,34.839500427246094,1585300.0
2015-01-01,34.839500427246094,35.20000076293945,34.650001525878906,34.99700164794922,756600.0
2015-01-02,34.900001525878906,35.20000076293945,34.1619987487793,34.4375,1404300.0
2015-01-05,34.650001525878906,35.20000076293945,34.11000061035156,34.34749984741211,1446200.0
2015-01-06,34.5,34.849998474121094,33.922000885009766,34.25849914550781,1378100.0
2015-01-07,34.037498474121094,35.179500579833984,34.037498474121094,34.95600128173828,1094700.0
2015-01-08,34.654998779296875,35.1879997253418,34.654998779296875,34.89649963378906,968600.0
2015-01-09,34.810001373291016,35.12049865722656,34.40999984741211,34.5004997253418,1731600.0
2015-01-12,34.5004997253418,35.099998474121094,33.98500061035156,34.38199996948242,1177400.0
2015-01-13,34.4010009765625,35.09749984741211,34.230499267578125,34.83000183105469,1419200.0
2015-01-14,34.99850082397461,41.380001068115234,34.777000427246094,37.739498138427734,41759300.0
2015-01-15,38.380001068115234,39.84700012207031,38.25,38.60200119018555,12232000.0
2015-01-16,38.58000183105469,39.790000915527344,38.022499084472656,39.37799835205078,5086200.0
2015-01-19,39.41849899291992,39.79999923706055,38.84400177001953,39.01750183105469,3989900.0
2015-01-20,39.349998474121094,39.402000427246094,38.95000076293945,39.04750061035156,1867600.0
2015-01-21,39.30699920654297,39.34000015258789,38.000999450683594,38.17399978637695,5657400.0
2015-01-22,38.44499969482422,38.900001525878906,38.060001373291016,38.40650177001953,1217100.0
2015-01-23,38.96799850463867,38.96799850463867,38.209999084472656,38.701499938964844,4241800.0
2015-01-27,38.845001220703125,43.25,38.60049819946289,41.695499420166016,11599500.0
2015-01-28,42.13999938964844,44.92399978637695,41.810001373291016,43.22600173950195,13940500.0
2015-01-29,43.31700134277344,43.449501037597656,41.102500915527344,41.284000396728516,4071600.0
2015-01-30,41.88999938964844,42.602500915527344,40.10100173950195,40.50550079345703,5898700.0
2015-02-02,40.9900016784668,42.29949951171875,40.18949890136719,41.60100173950195,3765600.0
2015-02-03,41.994998931884766,42.54999923706055,41.400001525878906,41.722999572753906,2104900.0
2015-02-04,41.99850082397461,42.099998474121094,40.542999267578125,41.071998596191406,2867700.0
2015-02-05,41.484500885009766,42.20000076293945,40.55099868774414,41.30500030517578,3847300.0
2015-02-06,41.30500030517578,41.349998474121094,39.709999084472656,40.42499923706055,3343100.0
2015-02-09,40.42499923706055,40.5,39.650001525878906,40.06999969482422,980600.0
2015-02-10,40.310001373291016,40.5,39.66899871826172,40.03799819946289,1728700.0
2015-02-11,40.47999954223633,41.41999816894531,40.05550003051758,41.12350082397461,2503400.0
2015-02-12,41.20000076293945,41.62200164794922,40.640499114990234,41.26250076293945,1900700.0
2015-02-13,40.86000061035156,42.04999923706055,40.86000061035156,41.84400177001953,1042000.0
2015-02-16,43.98849868774414,43.98849868774414,41.84400177001953,43.0625,3374400.0
2015-02-18,43.880001068115234,43.880001068115234,42.06549835205078,43.189998626708984,2920100.0
2015-02-19,43.22050094604492,43.28850173950195,42.0099983215332,43.09450149536133,2802200.0
2015-02-20,42.9005012512207,42.910499572753906,41.29999923706055,41.9119987487793,5721400.0
2015-02-23,41.599998474121094,42.5,41.37350082397461,41.6254997253418,1133200.0
2015-02-24,41.82749938964844,41.900001525878906,41.0004997253418,41.20349884033203,1707400.0
2015-02-25,41.566001892089844,41.900001525878906,40.599998474121094,40.814998626708984,5669600.0
2015-02-26,40.970001220703125,41.5890007019043,40.70000076293945,40.96849822998047,1905200.0
2015-02-27,41.10049819946289,41.5989990234375,40.61050033569336,41.07099914550781,2808100.0
2015-03-02,43.904998779296875,44.439998626708984,42.63349914550781,43.7135009765625,4168400.0
2015-03-03,44.25,44.77000045776367,42.95000076293945,43.29899978637695,2753700.0
2015-03-04,43.30099868774414,43.9900016784668,42.599998474121094,43.12950134277344,2221400.0
2015-03-05,42.86800003051758,43.720001220703125,42.747501373291016,43.41849899291992,1266200.0
2015-03-09,43.86000061035156,43.86000061035156,41.5,42.14899826049805,2486700.0
2015-03-10,42.5,42.9900016784668,41.46900177001953,41.82500076293945,1462900.0
2015-03-11,42.02000045776367,42.07400131225586,40.900001525878906,41.32699966430664,1320800.0
2015-03-12,41.400001525878906,42.25,41.11050033569336,41.39500045776367,1240500.0
2015-03-13,41.79999923706055,42.06449890136719,40.79949951171875,41.07600021362305,2544500.0
2015-03-16,41.540000915527344,41.540000915527344,39.93000030517578,40.05099868774414,7726900.0
2015-03-17,40.29999923706055,41.20000076293945,40.12099838256836,40.3390007019043,3119500.0
2015-03-18,40.4010009765625,41.099998474121094,40.01150131225586,40.480499267578125,4020200.0
2015-03-19,40.560001373291016,41.061500549316406,40.25,40.35499954223633,1964100.0
2015-03-20,40.75,41.4900016784668,39.01150131225586,40.20500183105469,3521000.0
2015-03-23,40.43000030517578,40.43000030517578,39.61149978637695,39.93000030517578,4545900.0
2015-03-24,40.0,40.400001525878906,39.320499420166016,39.68050003051758,2209100.0
2015-03-25,39.51250076293945,39.70000076293945,39.209999084472656,39.481998443603516,2225600.0
2015-03-26,39.5,40.29999923706055,39.380001068115234,39.56549835205078,2005500.0
2015-03-27,39.79999923706055,39.9995002746582,39.41999816894531,39.61650085449219,1488400.0
2015-03-30,39.9900016784668,40.70000076293945,39.61650085449219,39.996498107910156,2434500.0
2015-03-31,40.310001373291016,41.9900016784668,39.89899826049805,41.08449935913086,3770100.0
2015-04-01,41.58000183105469,41.58000183105469,40.62200164794922,41.4005012512207,1292300.0
2015-04-06,41.58000183105469,42.7400016784668,41.54999923706055,42.40850067138672,1274900.0
2015-04-07,42.75,43.650001525878906,42.10300064086914,43.4119987487793,1844900.0
2015-04-08,43.4114990234375,45.29999923706055,42.85599899291992,44.891998291015625,1882400.0
2015-04-09,45.41999816894531,46.9900016784668,44.000999450683594,45.04650115966797,5351800.0
2015-04-10,45.29999923706055,45.97999954223633,44.78799819946289,45.22100067138672,3245100.0
2015-04-13,45.22100067138672,45.22100067138672,44.20000076293945,44.537498474121094,3008200.0
2015-04-15,44.54999923706055,44.897499084472656,43.77000045776367,44.560001373291016,3832700.0
2015-04-16,44.72249984741211,46.04999923706055,43.75,45.8494987487793,1044800.0
2015-04-17,45.79949951171875,46.050498962402344,44.41299819946289,45.294498443603516,1872200.0
2015-04-20,44.72850036621094,45.939998626708984,44.387001037597656,45.58250045776367,1909900.0
2015-04-21,45.04999923706055,45.5,41.393001556396484,43.73400115966797,12573800.0
2015-04-22,43.10049819946289,43.9900016784668,41.91999816894531,42.79899978637695,1725600.0
2015-04-23,42.40999984741211,43.38650131225586,42.40999984741211,42.746498107910156,7722400.0
2015-04-24,42.12200164794922,42.599998474121094,41.20000076293945,41.39899826049805,2896900.0
2015-04-27,42.13999938964844,42.13999938964844,39.75,39.95199966430664,4170100.0
2015-04-28,39.1349983215332,41.989498138427734,39.1349983215332,40.077999114990234,2084600.0
2015-04-29,40.77000045776367,40.77000045776367,39.550498962402344,39.89500045776367,6349800.0
2015-04-30,39.840999603271484,42.0,39.5099983215332,40.44300079345703,4903600.0
2015-05-04,40.54899978637695,42.5,39.19599914550781,41.92649841308594,3258700.0
2015-05-05,42.599998474121094,43.95000076293945,42.5,42.9015007019043,3202100.0
2015-05-06,43.249000549316406,43.70249938964844,41.19449996948242,42.854000091552734,1621300.0
2015-05-07,43.59000015258789,43.59000015258789,40.9010009765625,41.80550003051758,1217700.0
2015-05-08,41.45199966430664,43.5,41.45199966430664,43.44449996948242,2022600.0
2015-05-11,43.319000244140625,44.5,43.00550079345703,43.47100067138672,1501100.0
2015-05-12,43.64849853515625,43.900001525878906,42.70050048828125,43.415000915527344,1168900.0
2015-05-13,43.55950164794922,44.0994987487793,43.11000061035156,43.270999908447266,1755000.0
2015-05-14,43.744998931884766,44.20000076293945,43.358001708984375,43.84700012207031,2771900.0
2015-05-15,43.945499420166016,44.9900016784668,43.920501708984375,44.8390007019043,1780800.0
2015-05-18,45.0,45.4900016784668,44.4005012512207,44.605499267578125,1529200.0
2015-05-19,44.989498138427734,45.41899871826172,44.3754997253418,44.81549835205078,1407200.0
2015-05-20,45.24800109863281,45.349998474121094,43.92599868774414,44.98749923706055,8276300.0
2015-05-21,45.19900131225586,46.0,44.72999954223633,45.77000045776367,4842800.0
2015-05-22,45.880001068115234,45.97800064086914,44.900001525878906,45.06999969482422,1645300.0
2015-05-25,45.0,45.497501373291016,44.41550064086914,45.03350067138672,2050000.0
2015-05-26,45.29399871826172,45.849998474121094,44.500999450683594,44.83300018310547,3720200.0
2015-05-27,44.66299819946289,45.130001068115234,43.05699920654297,44.11600112915039,4273000.0
2015-05-28,44.11600112915039,44.9995002746582,43.54999923706055,44.242000579833984,1993500.0
2015-05-29,44.9900016784668,45.88999938964844,41.15700149536133,42.16550064086914,23631300.0
2015-06-01,42.79999923706055,44.119998931884766,42.474998474121094,43.79899978637695,4038200.0
2015-06-02,44.40999984741211,44.40999984741211,42.474998474121094,42.84700012207031,2672400.0
2015-06-03,42.20000076293945,43.65700149536133,41.70000076293945,43.24850082397461,2593300.0
2015-06-04,43.292999267578125,43.79999923706055,42.08250045776367,43.522499084472656,1721700.0
2015-06-05,43.70000076293945,44.95000076293945,43.0,44.506500244140625,3294000.0
2015-06-08,45.097999572753906,45.097999572753906,44.05099868774414,44.72700119018555,2425500.0
2015-06-09,44.1150016784668,46.189998626708984,44.000999450683594,45.82350158691406,5611000.0
2015-06-10,45.540000915527344,45.95000076293945,45.04999923706055,45.53200149536133,2279800.0
2015-06-11,46.0,47.720001220703125,45.263999938964844,46.65299987792969,8594200.0
2015-06-12,46.650001525878906,47.14099884033203,45.09000015258789,46.76449966430664,3890000.0
2015-06-15,46.8125,47.327999114990234,46.540000915527344,47.15299987792969,2678700.0
2015-06-16,47.150001525878906,47.20000076293945,46.35150146484375,47.00149917602539,2233600.0
2015-06-17,47.025001525878906,47.900001525878906,46.96799850463867,47.762001037597656,9815000.0
2015-06-18,47.762001037597656,49.18000030517578,47.762001037597656,49.02899932861328,8103900.0
2015-06-19,49.040000915527344,52.40800094604492,49.040000915527344,51.580501556396484,7863000.0
2015-06-22,52.0,54.4900016784668,51.420501708984375,53.862998962402344,12956100.0
2015-06-23,54.18000030517578,54.18000030517578,52.45050048828125,53.191001892089844,5400400.0
2015-06-24,53.25,53.699501037597656,52.25,52.5369987487793,10692000.0
2015-06-25,52.58000183105469,54.0,51.599998474121094,53.8489990234375,7445800.0
2015-06-26,53.84000015258789,54.9900016784668,53.0,54.35749816894531,6722500.0
2015-06-29,52.300498962402344,54.70000076293945,52.21099853515625,54.55350112915039,5934300.0
2015-06-30,54.060001373291016,54.599998474121094,53.79999923706055,54.433998107910156,2855600.0
2015-07-01,54.5,55.6505012512207,54.29999923706055,54.981998443603516,5751000.0
2015-07-02,55.0,55.81999969482422,54.11000061035156,54.50600051879883,4948900.0
2015-07-03,54.55099868774414,55.900001525878906,54.55099868774414,55.611000061035156,5219900.0
2015-07-06,55.11000061035156,56.2504997253418,54.5994987487793,55.64250183105469,5063000.0
2015-07-07,56.185001373291016,56.599998474121094,55.32149887084961,55.58000183105469,5112400.0
2015-07-08,55.54999923706055,55.69900131225586,51.775001525878906,52.25899887084961,12273000.0
2015-07-09,52.06999969482422,52.69900131225586,49.70600128173828,50.2135009765625,18850200.0
2015-07-10,50.029998779296875,50.7859992980957,49.512001037597656,50.24700164794922,6691500.0
2015-07-13,50.5,51.400001525878906,50.40250015258789,50.95349884033203,9573700.0
2015-07-14,51.012001037597656,51.2400016784668,50.0,50.8224983215332,6645300.0
2015-07-15,50.8745002746582,51.790000915527344,50.8224983215332,51.57749938964844,4792000.0
2015-07-16,51.70000076293945,52.82749938964844,51.650001525878906,52.48899841308594,7216800.0
2015-07-17,52.417999267578125,53.089500427246094,51.599998474121094,51.78850173950195,8084100.0
2015-07-20,52.198001861572266,52.685001373291016,51.131500244140625,51.71500015258789,2941700.0
2015-07-21,51.70000076293945,52.294498443603516,50.81999969482422,51.067501068115234,4275200.0
2015-07-22,51.70000076293945,52.099998474121094,49.755001068115234,51.3129997253418,18540600.0
2015-07-23,51.70000076293945,52.25,51.0,51.402000427246094,9167900.0
2015-07-24,51.5,52.099998474121094,51.36000061035156,51.70100021362305,3066400.0
2015-07-27,51.70000076293945,52.50550079345703,51.00749969482422,52.28200149536133,7168100.0
2015-07-28,52.29999923706055,53.58700180053711,52.2495002746582,53.39350128173828,8062600.0
2015-07-29,53.69499969482422,55.0,53.4119987487793,54.39550018310547,5517800.0
2015-07-30,54.45000076293945,54.99549865722656,53.66899871826172,54.40599822998047,3616800.0
2015-07-31,54.04999923706055,55.472999572753906,53.80550003051758,55.112998962402344,6296500.0
2015-08-03,55.249000549316406,57.0,54.54999923706055,56.82350158691406,4170800.0
2015-08-04,57.0,57.08000183105469,55.01350021362305,56.26900100708008,4563800.0
2015-08-05,56.5,57.20199966430664,55.308998107910156,55.62049865722656,5596900.0
2015-08-06,55.70000076293945,56.0,53.92100143432617,54.60449981689453,3163800.0
2015-08-07,54.75,55.74850082397461,54.400001525878906,54.826499938964844,4062800.0
2015-08-10,55.29999923706055,55.75,54.16400146484375,54.387001037597656,4285300.0
2015-08-11,54.400001525878906,54.85900115966797,54.03799819946289,54.52299880981445,3530600.0
2015-08-12,55.0,55.0,52.70000076293945,53.11899948120117,4404000.0
2015-08-13,53.20000076293945,54.119998931884766,53.11899948120117,53.560001373291016,3891700.0
2015-08-14,53.98899841308594,54.470001220703125,53.1879997253418,54.11750030517578,6539900.0
2015-08-17,54.29899978637695,54.29899978637695,52.70100021362305,53.9995002746582,8362500.0
2015-08-18,54.0,54.20050048828125,53.8025016784668,53.97549819946289,3680800.0
2015-08-19,53.97549819946289,54.099998474121094,53.60049819946289,53.90999984741211,6178000.0
2015-08-20,53.85499954223633,54.0,52.800498962402344,53.077999114990234,5316000.0
2015-08-21,52.119998931884766,53.98400115966797,52.06999969482422,53.44350051879883,4970900.0
2015-08-24,50.54999923706055,52.5,47.51250076293945,48.70800018310547,14469900.0
2015-08-25,49.14550018310547,50.827999114990234,48.59049987792969,49.15549850463867,24910200.0
2015-08-26,49.4900016784668,50.650001525878906,48.91999816894531,49.67250061035156,11040300.0
2015-08-27,50.01499938964844,51.459999084472656,50.01499938964844,50.9995002746582,6201100.0
2015-08-28,51.051998138427734,51.28900146484375,48.869998931884766,50.525001525878906,20694900.0
2015-08-31,50.62350082397461,50.69449996948242,49.9900016784668,50.21200180053711,4484400.0
2015-09-01,50.21200180053711,50.75,48.849998474121094,49.35049819946289,6406400.0
2015-09-02,49.709999084472656,50.54999923706055,49.68050003051758,50.21950149536133,4201500.0
2015-09-03,50.707000732421875,52.41600036621094,50.707000732421875,52.02199935913086,14177400.0
2015-09-04,52.53799819946289,52.53799819946289,50.12300109863281,50.75600051879883,6736300.0
2015-09-07,51.619998931884766,51.619998931884766,49.84749984741211,50.390499114990234,5277800.0
2015-09-08,50.560001373291016,50.99800109863281,49.55799865722656,50.11600112915039,3858700.0
2015-09-09,50.999000549316406,51.167999267578125,50.0,50.4995002746582,5512500.0
2015-09-10,50.19900131225586,51.15599822998047,49.3849983215332,50.547000885009766,5638800.0
2015-09-11,51.329498291015625,51.329498291015625,49.986000061035156,50.368499755859375,2067800.0
2015-09-14,50.36000061035156,51.810001373291016,50.36000061035156,51.48849868774414,6167300.0
2015-09-15,51.75199890136719,52.689998626708984,51.25,52.349998474121094,6967300.0
2015-09-16,52.52349853515625,52.650001525878906,51.5,52.000999450683594,4191600.0
2015-09-18,52.20000076293945,52.7400016784668,49.25,49.65599822998047,34401500.0
2015-09-21,49.4900016784668,50.224998474121094,48.70000076293945,49.35900115966797,7069800.0
2015-09-22,49.630001068115234,49.64899826049805,47.834999084472656,48.2140007019043,12573700.0
2015-09-23,48.207000732421875,48.790000915527344,46.77050018310547,48.44900131225586,14319300.0
2015-09-24,48.451499938964844,48.90650177001953,47.88050079345703,48.680999755859375,2846800.0
2015-09-28,48.31100082397461,49.16299819946289,48.099998474121094,48.227500915527344,2262200.0
2015-09-29,47.60200119018555,51.4900016784668,47.32149887084961,51.109500885009766,10475100.0
2015-09-30,51.150001525878906,52.0,50.220001220703125,51.3125,8438400.0
2015-10-01,51.400001525878906,51.900001525878906,50.76599884033203,51.07550048828125,5197600.0
2015-10-05,51.89500045776367,52.334999084472656,51.10049819946289,52.07550048828125,4358800.0
2015-10-06,52.25,52.42399978637695,51.4275016784668,51.65399932861328,7465000.0
2015-10-07,51.650001525878906,52.0004997253418,50.871498107910156,51.20100021362305,5900600.0
2015-10-08,51.201499938964844,51.201499938964844,50.26599884033203,50.41450119018555,4041600.0
2015-10-09,50.51300048828125,51.779998779296875,49.400001525878906,49.9635009765625,5027700.0
2015-10-12,49.96500015258789,50.397499084472656,49.3650016784668,49.63399887084961,4935200.0
2015-10-13,49.130001068115234,49.95000076293945,49.130001068115234,49.76649856567383,3583700.0
2015-10-14,49.76649856567383,49.849998474121094,49.20000076293945,49.39899826049805,2054700.0
2015-10-15,49.400001525878906,50.5,49.220001220703125,49.84349822998047,3411500.0
2015-10-16,50.0,50.21950149536133,49.4900016784668,49.97999954223633,2375900.0
2015-10-19,50.18949890136719,50.454498291015625,49.76649856567383,50.15449905395508,4130500.0
2015-10-20,50.689998626708984,53.4900016784668,50.290000915527344,53.10850143432617,37756200.0
2015-10-21,54.25,54.277000427246094,52.459999084472656,53.580501556396484,15041400.0
2015-10-23,53.75,53.817501068115234,52.56549835205078,52.730499267578125,4707600.0
2015-10-26,52.88999938964844,53.44649887084961,52.599998474121094,53.07899856567383,4329600.0
2015-10-27,53.0004997253418,53.599998474121094,52.87699890136719,53.20800018310547,2621600.0
2015-10-28,53.2599983215332,53.305999755859375,51.81999969482422,52.08250045776367,5687200.0
2015-10-29,52.49850082397461,52.49850082397461,51.14550018310547,51.62099838256836,10727000.0
2015-10-30,51.9900016784668,52.47999954223633,51.880001068115234,52.2234992980957,4139200.0
2015-11-02,52.33000183105469,52.5004997253418,51.750999450683594,52.231998443603516,2493100.0
2015-11-03,52.86000061035156,52.88999938964844,52.1619987487793,52.534000396728516,2081400.0
2015-11-04,52.5880012512207,53.5,52.5880012512207,53.449501037597656,4055300.0
2015-11-05,53.5,53.70000076293945,52.76750183105469,53.256500244140625,5950300.0
2015-11-06,53.310001373291016,53.310001373291016,52.51649856567383,52.9734992980957,4034000.0
2015-11-09,52.54499816894531,54.0,52.0,53.46149826049805,3162600.0
2015-11-10,53.46099853515625,53.97700119018555,53.0,53.422000885009766,3473900.0
2015-11-13,53.8489990234375,53.8489990234375,52.400001525878906,53.10649871826172,6087400.0
2015-11-16,53.0,53.18000030517578,52.11949920654297,52.72100067138672,5449100.0
2015-11-17,52.779998779296875,53.15950012207031,51.90650177001953,52.30400085449219,4155200.0
2015-11-18,52.68899917602539,53.099998474121094,51.75199890136719,52.757999420166016,5910800.0
2015-11-19,52.79999923706055,54.25,52.500999450683594,54.16999816894531,3507300.0
2015-11-20,54.22549819946289,54.86949920654297,53.90700149536133,54.48249816894531,3861000.0
2015-11-23,54.584999084472656,55.0,54.31050109863281,54.96799850463867,4035900.0
2015-11-24,54.900001525878906,56.0,54.900001525878906,55.448001861572266,6254800.0
2015-11-26,55.54999923706055,56.45000076293945,54.95000076293945,55.505001068115234,7798500.0
2015-11-27,55.30099868774414,56.24399948120117,55.145999908447266,55.79349899291992,3494800.0
2015-11-30,55.9900016784668,55.9900016784668,54.736000061035156,55.40999984741211,2645400.0
2015-12-01,55.150001525878906,56.249000549316406,54.95349884033203,56.03799819946289,4725100.0
2015-12-02,55.70000076293945,56.29899978637695,55.52000045776367,55.72650146484375,2736400.0
2015-12-03,55.987998962402344,56.047000885009766,55.30099868774414,55.46149826049805,1828000.0
2015-12-04,55.459999084472656,55.859500885009766,54.35749816894531,54.47100067138672,1700300.0
2015-12-07,54.527000427246094,55.215999603271484,54.4010009765625,54.766998291015625,1933400.0
2015-12-08,54.7400016784668,55.974998474121094,53.80699920654297,55.37200164794922,2675900.0
2015-12-09,55.39950180053711,55.708499908447266,54.61199951171875,55.044498443603516,7183900.0
2015-12-10,55.10100173950195,55.79999923706055,54.89899826049805,55.377498626708984,1871200.0
2015-12-11,55.377498626708984,55.78799819946289,55.01150131225586,55.24599838256836,2803200.0
2015-12-14,55.20000076293945,55.5,54.19049835205078,54.37950134277344,2855800.0
2015-12-15,54.75,56.25,54.30099868774414,56.058998107910156,3295800.0
2015-12-16,56.10049819946289,56.95899963378906,55.869998931884766,56.08250045776367,4391200.0
2015-12-17,56.29999923706055,57.5989990234375,56.25,57.36800003051758,9175600.0
2015-12-18,57.36000061035156,58.5,57.36000061035156,58.13800048828125,6464500.0
2015-12-21,57.5,59.244998931884766,57.5,58.698001861572266,3788400.0
2015-12-22,59.04899978637695,59.13949966430664,58.45000076293945,58.954498291015625,2572900.0
2015-12-23,59.0,59.51449966430664,58.56650161743164,59.1150016784668,2848900.0
2015-12-24,59.150001525878906,59.25,58.51499938964844,59.00899887084961,2460600.0
2015-12-28,59.150001525878906,59.150001525878906,58.849998474121094,59.063499450683594,902100.0
2015-12-29,59.099998474121094,59.9900016784668,58.9119987487793,59.86399841308594,3623100.0
2015-12-30,60.0,60.209999084472656,59.43199920654297,59.742000579833984,3829300.0
2015-12-31,59.999000549316406,60.400001525878906,59.61399841308594,60.0994987487793,5519300.0
2016-01-01,60.1609992980957,61.1875,60.0,60.958499908447266,3039400.0
2016-01-04,60.9900016784668,60.9900016784668,59.954498291015625,60.52450180053711,4072000.0
2016-01-05,60.75,60.98849868774414,59.79999923706055,59.97850036621094,5112000.0
2016-01-06,59.96900177001953,61.79999923706055,59.5099983215332,61.0724983215332,3460100.0
2016-01-07,60.99800109863281,61.89899826049805,60.301998138427734,61.0629997253418,7822900.0
2016-01-08,61.36000061035156,63.652000427246094,60.92599868774414,63.14500045776367,10350700.0
2016-01-11,63.11899948120117,63.88999938964844,62.209999084472656,63.0620002746582,5324000.0
2016-01-12,63.099998474121094,63.290000915527344,61.52000045776367,62.0880012512207,5845200.0
2016-01-13,62.20000076293945,62.95399856567383,60.35049819946289,60.778499603271484,10359400.0
2016-01-14,60.5,61.2130012512207,59.894500732421875,60.75899887084961,5575400.0
2016-01-15,60.29999923706055,61.45899963378906,58.814998626708984,59.75299835205078,4152700.0
2016-01-18,59.152000427246094,59.75,54.682498931884766,55.03200149536133,11221300.0
2016-01-19,55.03200149536133,57.099998474121094,53.490501403808594,56.44900131225586,6370100.0
2016-01-20,56.20000076293945,57.0,54.57099914550781,56.39400100708008,9801800.0
2016-01-21,56.9005012512207,58.2504997253418,56.099998474121094,57.420501708984375,7095800.0
2016-01-22,58.16999816894531,58.4900016784668,57.53450012207031,58.20650100708008,5613300.0
2016-01-25,58.249000549316406,59.5,58.239498138427734,58.5629997253418,4681400.0
2016-01-27,59.06999969482422,59.888999938964844,58.18000030517578,59.36949920654297,3929500.0
2016-01-28,59.49549865722656,59.79949951171875,57.29999923706055,57.760501861572266,6951900.0
2016-01-29,58.38999938964844,59.699501037597656,57.560001373291016,59.284000396728516,3596300.0
2016-02-01,60.66999816894531,60.66999816894531,58.829498291015625,60.03150177001953,3292700.0
2016-02-02,60.369998931884766,60.500999450683594,57.81050109863281,58.11399841308594,7836400.0
2016-02-03,57.599998474121094,64.89900207519531,56.0099983215332,63.79750061035156,51682900.0
2016-02-04,64.11000061035156,64.25650024414062,62.20000076293945,63.43899917602539,13885700.0
2016-02-05,63.47999954223633,67.5,63.47999954223633,66.9834976196289,23956600.0
2016-02-08,66.96600341796875,68.37950134277344,65.61000061035156,66.60150146484375,10352100.0
2016-02-09,66.0,66.65750122070312,63.959999084472656,65.84049987792969,9211800.0
2016-02-10,65.84049987792969,67.07550048828125,64.0999984741211,64.78600311279297,7918000.0
2016-02-11,65.34700012207031,65.3499984741211,60.61000061035156,61.79199981689453,11069400.0
2016-02-12,62.029998779296875,63.380001068115234,59.29999923706055,59.967498779296875,14716300.0
2016-02-15,61.46900177001953,63.0,61.16999816894531,62.0994987487793,9653700.0
2016-02-16,61.91999816894531,62.479000091552734,59.65299987792969,60.11399841308594,6572000.0
2016-02-17,60.4900016784668,61.650001525878906,58.301998138427734,61.109500885009766,6671700.0
2016-02-18,61.599998474121094,62.349998474121094,61.04999923706055,61.63949966430664,3276500.0
2016-02-19,61.89950180053711,62.150001525878906,60.20000076293945,60.48099899291992,4720300.0
2016-02-22,61.38949966430664,61.38949966430664,58.512001037597656,60.02450180053711,5274800.0
2016-02-23,60.314998626708984,60.449501037597656,58.58000183105469,58.94850158691406,4355700.0
2016-02-24,59.069000244140625,59.069000244140625,58.0,58.141998291015625,4758100.0
2016-02-25,58.494998931884766,58.54999923706055,56.0880012512207,57.52899932861328,11698700.0
2016-02-26,58.45000076293945,58.599998474121094,57.36199951171875,58.08449935913086,10910400.0
2016-02-29,58.08449935913086,60.70000076293945,56.43949890136719,59.320499420166016,6404700.0
2016-03-01,59.60200119018555,62.599998474121094,59.60200119018555,62.0885009765625,8677500.0
2016-03-02,62.79999923706055,65.08999633789062,62.433998107910156,63.70899963378906,12220100.0
2016-03-03,63.810001373291016,64.0999984741211,61.79800033569336,62.07699966430664,6545100.0
2016-03-04,62.9900016784668,63.869998931884766,61.540000915527344,63.34550094604492,4627500.0
2016-03-08,63.39799880981445,64.3270034790039,62.74100112915039,62.93050003051758,5294900.0
2016-03-09,62.95000076293945,64.75,62.05550003051758,64.23799896240234,6285900.0
2016-03-10,64.302001953125,64.5999984741211,63.8120002746582,64.04900360107422,4042300.0
2016-03-11,64.49800109863281,64.49800109863281,63.29999923706055,64.00399780273438,4313900.0
2016-03-14,64.05000305175781,65.44999694824219,64.05000305175781,65.1675033569336,4579100.0
2016-03-15,65.44999694824219,65.94999694824219,64.20999908447266,64.74150085449219,5195800.0
2016-03-16,64.64849853515625,64.9000015258789,63.31999969482422,64.82350158691406,5833300.0
2016-03-17,65.35299682617188,66.5,64.95700073242188,65.81549835205078,9279200.0
2016-03-18,66.08499908447266,66.63099670410156,64.93000030517578,66.3239974975586,6992000.0
2016-03-21,66.66999816894531,67.15699768066406,66.0,66.54000091552734,11715900.0
2016-03-22,66.6500015258789,66.77899932861328,65.61799621582031,66.07550048828125,3453000.0
2016-03-23,66.30000305175781,68.98999786376953,66.09100341796875,68.74199676513672,12459400.0
2016-03-28,68.98999786376953,69.0,66.9000015258789,67.00199890136719,6596800.0
2016-03-29,66.44999694824219,67.489501953125,66.39900207519531,66.56749725341797,4419400.0
2016-03-30,66.72899627685547,68.21849822998047,66.70099639892578,67.87750244140625,4798900.0
2016-03-31,67.55500030517578,69.9000015258789,67.3499984741211,69.24150085449219,7455900.0
2016-04-01,69.38999938964844,70.30950164794922,68.00050354003906,68.7750015258789,6645800.0
2016-04-04,69.0,69.62799835205078,68.322998046875,68.6969985961914,6338500.0
2016-04-05,68.5,69.19999694824219,68.0009994506836,68.2354965209961,5577900.0
2016-04-06,68.9000015258789,69.94999694824219,68.46050262451172,69.47550201416016,4550500.0
2016-04-07,69.78949737548828,70.46499633789062,69.45449829101562,69.82599639892578,5609500.0
2016-04-08,70.25,71.75,69.5999984741211,71.33499908447266,7467300.0
2016-04-11,71.5,72.30000305175781,71.0,71.93199920654297,5598600.0
2016-04-12,72.19999694824219,73.7300033569336,71.94999694824219,73.3550033569336,12334700.0
2016-04-13,73.9000015258789,75.19999694824219,73.8010025024414,74.30400085449219,10425400.0
2016-04-18,74.33000183105469,75.31700134277344,72.8550033569336,73.13899993896484,14558100.0
2016-04-20,73.97000122070312,74.19300079345703,72.0,72.13400268554688,15538400.0
2016-04-21,72.0999984741211,72.20099639892578,69.45449829101562,69.86499786376953,18101800.0
2016-04-22,69.86499786376953,70.16400146484375,68.91000366210938,69.71150207519531,9793000.0
2016-04-25,69.98899841308594,70.1989974975586,68.29450225830078,68.53849792480469,6605600.0
2016-04-26,68.75,71.32050323486328,68.40049743652344,70.04350280761719,13350500.0
2016-04-27,70.0,70.4175033569336,69.15550231933594,69.45649719238281,7996400.0
2016-04-28,69.30000305175781,70.4000015258789,69.25,69.6709976196289,15367500.0
2016-04-29,69.5999984741211,69.83200073242188,67.9520034790039,68.29100036621094,7697200.0
2016-05-02,68.73999786376953,71.0,67.5,70.5374984741211,7833700.0
2016-05-03,71.0,71.25749969482422,69.4000015258789,69.8550033569336,9893900.0
2016-05-04,69.80500030517578,70.39700317382812,69.13800048828125,69.54199981689453,8851300.0
2016-05-05,69.96499633789062,71.83999633789062,69.61499786376953,71.55500030517578,9150400.0
2016-05-06,72.23500061035156,72.80000305175781,71.13050079345703,72.64450073242188,6698600.0
2016-05-09,73.0,74.5,72.36499786376953,73.7864990234375,8606200.0
2016-05-10,74.25,74.62000274658203,73.44499969482422,74.12300109863281,7833900.0
2016-05-11,73.96900177001953,74.96949768066406,72.75450134277344,74.82849884033203,8210500.0
2016-05-12,75.19999694824219,76.94999694824219,74.53600311279297,76.70149993896484,9471200.0
2016-05-13,77.1500015258789,78.0999984741211,75.9000015258789,76.2614974975586,16253100.0
2016-05-16,76.4000015258789,78.58049774169922,76.15850067138672,77.71099853515625,12775000.0
2016-05-17,78.23999786376953,78.23999786376953,77.30000305175781,77.58399963378906,6229000.0
2016-05-18,77.34249877929688,78.19999694824219,76.8499984741211,77.42549896240234,7226700.0
2016-05-19,77.5989990234375,78.19999694824219,77.05599975585938,77.38200378417969,7909300.0
2016-05-20,77.45999908447266,78.43199920654297,76.69650268554688,77.70500183105469,7481400.0
2016-05-23,78.01000213623047,78.3499984741211,75.02649688720703,76.53700256347656,10553200.0
2016-05-24,77.44999694824219,77.44999694824219,72.15450286865234,76.25550079345703,43044900.0
2016-05-25,76.0,76.0,72.55000305175781,73.37249755859375,20068600.0
2016-05-26,73.9000015258789,75.19999694824219,73.80000305175781,74.58350372314453,16384900.0
2016-05-27,75.43000030517578,77.39800262451172,74.67250061035156,76.67900085449219,13854900.0
2016-05-30,77.0,77.19999694824219,75.59400177001953,76.43450164794922,7632500.0
2016-05-31,76.68099975585938,77.5,74.69999694824219,75.88800048828125,154592300.0
2016-06-01,75.27999877929688,77.19000244140625,74.80000305175781,76.42400360107422,9970900.0
2016-06-02,76.61799621582031,80.0,75.9000015258789,79.64550018310547,15882300.0
2016-06-03,80.0,80.94999694824219,78.81999969482422,78.99549865722656,13053400.0
2016-06-06,79.48999786376953,79.4905014038086,77.51000213623047,77.74099731445312,8372800.0
2016-06-07,78.0,78.54000091552734,76.5,76.87249755859375,14258800.0
2016-06-08,77.37999725341797,78.5770034790039,76.62650299072266,77.47949981689453,9940800.0
2016-06-09,77.89800262451172,77.89800262451172,76.9000015258789,77.18949890136719,3101200.0
2016-06-10,77.46800231933594,77.46800231933594,75.75,75.95649719238281,6892400.0
2016-06-13,75.5,75.5895004272461,74.5,75.00599670410156,9882200.0
2016-06-14,75.01000213623047,75.41999816894531,74.19999694824219,74.91899871826172,7466700.0
2016-06-15,74.9000015258789,76.87899780273438,74.89949798583984,76.51200103759766,4862300.0
2016-06-16,76.25,76.59400177001953,75.59449768066406,75.9625015258789,5810900.0
2016-06-17,76.17449951171875,76.49849700927734,74.75,75.30149841308594,6411800.0
2016-06-20,75.30000305175781,76.0,74.44999694824219,75.39849853515625,5460400.0
2016-06-21,75.7979965209961,76.8499984741211,75.25,76.06050109863281,4583500.0
2016-06-22,75.60050201416016,76.447998046875,75.60050201416016,75.9905014038086,3036900.0
2016-06-23,75.75,77.40049743652344,75.75,76.96900177001953,3073000.0
2016-06-24,75.94000244140625,76.27899932861328,74.16400146484375,75.88099670410156,7542600.0
2016-06-27,75.31500244140625,77.12000274658203,75.31500244140625,76.95600128173828,6817400.0
2016-06-28,77.64949798583984,77.64949798583984,76.51000213623047,76.96649932861328,6163300.0
2016-06-29,77.0,77.42749786376953,76.70999908447266,76.85800170898438,1971000.0
2016-06-30,77.14949798583984,80.25,76.80049896240234,79.96700286865234,13410000.0
2016-07-01,80.5,82.4000015258789,79.94999694824219,81.6719970703125,11114200.0
2016-07-04,81.75499725341797,82.81849670410156,81.0,82.04350280761719,4235200.0
2016-07-05,82.04350280761719,82.19999694824219,81.11000061035156,81.69999694824219,4760300.0
2016-07-07,81.41000366210938,81.99949645996094,80.80449676513672,80.95649719238281,4457900.0
2016-07-08,81.0,82.3895034790039,80.68099975585938,82.0780029296875,5548200.0
2016-07-11,82.99549865722656,87.1500015258789,82.50050354003906,85.67500305175781,26266600.0
2016-07-12,86.80000305175781,87.0999984741211,85.69999694824219,86.27149963378906,9689300.0
2016-07-13,86.39900207519531,87.55000305175781,85.2354965209961,85.75299835205078,11805700.0
2016-07-14,86.19850158691406,87.22200012207031,85.75,86.70149993896484,9246500.0
2016-07-15,86.99949645996094,87.8499984741211,86.60050201416016,87.00050354003906,7148000.0
2016-07-18,87.9000015258789,88.36000061035156,87.5,88.00700378417969,7276700.0
2016-07-19,88.0989990234375,88.30000305175781,86.0,86.43049621582031,8582700.0
2016-07-20,86.66000366210938,87.52999877929688,85.8740005493164,86.4010009765625,6288900.0
2016-07-21,87.29000091552734,87.8395004272461,86.51699829101562,87.07849884033203,23674300.0
2016-07-22,87.06999969482422,88.7490005493164,86.83200073242188,88.37799835205078,7320400.0
2016-07-25,88.81999969482422,90.30000305175781,88.53500366210938,89.83650207519531,22901400.0
2016-07-26,90.9990005493164,99.89900207519531,89.0,98.4834976196289,95646500.0
2016-07-27,99.0,99.37650299072266,95.15399932861328,97.93450164794922,38403300.0
2016-07-28,97.9000015258789,104.5999984741211,96.77449798583984,103.16799926757812,59563200.0
2016-07-29,103.89949798583984,104.78399658203125,102.5,103.72650146484375,28248400.0
2016-08-01,104.5999984741211,114.08650207519531,104.29949951171875,112.26249694824219,52960000.0
2016-08-02,113.0,117.69999694824219,108.0,109.44100189208984,40981800.0
2016-08-03,109.5,109.5,99.4000015258789,100.05599975585938,54461400.0
2016-08-04,101.25,103.1760025024414,97.2344970703125,99.6969985961914,38068700.0
2016-08-05,102.0,102.62200164794922,98.15149688720703,100.9469985961914,26812600.0
2016-08-08,102.66999816894531,102.8134994506836,99.7300033569336,100.34349822998047,16569600.0
2016-08-09,101.0,102.5999984741211,99.0999984741211,101.7979965209961,14404700.0
2016-08-10,101.5,102.69999694824219,99.0,99.98300170898438,11447200.0
2016-08-11,100.4990005493164,100.75499725341797,98.48999786376953,100.072998046875,8901000.0
2016-08-12,100.20999908447266,101.98999786376953,99.81600189208984,101.54399871826172,7975400.0
2016-08-16,101.60099792480469,103.25,100.20449829101562,102.03600311279297,9063600.0
2016-08-17,102.0,102.5,101.34249877929688,102.08799743652344,3955200.0
2016-08-18,102.34349822998047,102.93450164794922,100.69000244140625,101.34549713134766,6188300.0
2016-08-19,102.0,102.4000015258789,101.2509994506836,101.83100128173828,4067600.0
2016-08-22,101.67900085449219,102.31999969482422,101.21099853515625,101.6614990234375,4942700.0
2016-08-23,102.3949966430664,102.3949966430664,99.1500015258789,100.40650177001953,6695400.0
2016-08-24,101.29000091552734,101.48999786376953,100.26499938964844,100.53600311279297,4375400.0
2016-08-25,100.5999984741211,103.41999816894531,100.260498046875,102.89649963378906,12545300.0
2016-08-26,103.55549621582031,106.19999694824219,103.47450256347656,104.80899810791016,9162400.0
2016-08-29,105.77999877929688,108.07649993896484,104.18150329589844,107.43599700927734,10646000.0
2016-08-30,108.72000122070312,109.4000015258789,107.05549621582031,107.77400207519531,13942300.0
2016-08-31,110.0,111.62950134277344,108.1104965209961,110.11100006103516,19100900.0
2016-09-01,110.30500030517578,112.5999984741211,110.0,111.6084976196289,12919100.0
2016-09-02,112.29000091552734,112.80000305175781,110.79000091552734,111.39800262451172,10016000.0
2016-09-06,112.01000213623047,112.98999786376953,111.76100158691406,112.65850067138672,7553400.0
2016-09-07,112.94999694824219,117.4000015258789,112.94000244140625,113.93299865722656,25193400.0
2016-09-08,115.38999938964844,117.36000061035156,108.0,116.27999877929688,16049330.0
2016-09-09,117.0999984741211,118.38999938964844,114.45500183105469,115.3550033569336,7584160.0
2016-09-12,112.4800033569336,113.38500213623047,105.0,109.44000244140625,10346120.0
2016-09-14,110.30000305175781,110.80000305175781,106.80000305175781,110.1050033569336,10497610.0
2016-09-15,110.88999938964844,111.30000305175781,108.5,109.9000015258789,6615510.0
2016-09-16,110.9000015258789,111.70999908447266,108.06999969482422,108.78500366210938,8039660.0
2016-09-19,109.6500015258789,109.6500015258789,107.22000122070312,107.58999633789062,8248830.0
2016-09-20,105.00499725341797,108.8949966430664,105.00499725341797,107.50499725341797,5971260.0
2016-09-21,108.48999786376953,108.48999786376953,106.6050033569336,107.0250015258789,7228850.0
2016-09-22,108.32499694824219,113.22000122070312,107.07499694824219,112.79499816894531,13636280.0
2016-09-23,113.83999633789062,114.44999694824219,111.83000183105469,112.6500015258789,11604320.0
2016-09-26,111.80000305175781,113.98500061035156,111.55500030517578,112.27999877929688,6485510.0
2016-09-27,113.0,113.0,109.18499755859375,109.86000061035156,9053720.0
2016-09-28,110.5,111.38999938964844,109.20500183105469,110.61000061035156,8753570.0
2016-09-29,112.0,112.30000305175781,101.12000274658203,103.71499633789062,15500650.0
2016-09-30,103.99500274658203,106.6050033569336,102.05500030517578,105.58999633789062,11517110.0
2016-10-03,106.9000015258789,109.0,106.83000183105469,108.66999816894531,8814260.0
2016-10-04,109.19999694824219,109.63500213623047,107.19999694824219,108.375,4900220.0
2016-10-05,109.0,109.38500213623047,106.83000183105469,107.42500305175781,7291610.0
2016-10-06,107.6050033569336,110.5,106.5999984741211,107.7249984741211,11826710.0
2016-10-07,108.66999816894531,109.0,107.5999984741211,108.25,6068850.0
2016-10-10,108.51499938964844,109.26499938964844,107.25,107.3949966430664,3824020.0
2016-10-13,108.5,108.5,104.0199966430664,105.3949966430664,9690240.0
2016-10-14,106.18000030517578,106.9800033569336,104.01000213623047,106.12999725341797,8194600.0
2016-10-17,106.47000122070312,108.5,105.1050033569336,107.88500213623047,9208790.0
2016-10-18,108.9000015258789,112.0999984741211,108.51000213623047,111.73500061035156,13562070.0
2016-10-19,112.33000183105469,112.99500274658203,111.125,111.88500213623047,6481410.0
2016-10-20,112.3499984741211,113.5,111.76000213623047,112.13999938964844,5359990.0
2016-10-21,112.5999984741211,113.9000015258789,111.52999877929688,113.43000030517578,4660280.0
2016-10-24,113.6500015258789,114.21499633789062,112.5199966430664,112.8949966430664,3998320.0
2016-10-25,112.80000305175781,114.5,111.51000213623047,114.16999816894531,4172010.0
2016-10-26,114.0,116.33000183105469,112.50499725341797,114.83999633789062,9716900.0
2016-10-27,115.09500122070312,116.19999694824219,109.80000305175781,110.4800033569336,20146350.0
2016-10-28,110.51000213623047,110.69999694824219,105.2699966430664,107.25499725341797,14524330.0
2016-11-01,108.69999694824219,108.99500274658203,105.62999725341797,106.08000183105469,9037750.0
2016-11-02,104.80000305175781,105.0,101.55999755859375,101.98500061035156,13298860.0
2016-11-03,102.9800033569336,104.61499786376953,101.5,103.08499908447266,9680280.0
2016-11-04,103.5,103.62000274658203,97.01000213623047,99.31500244140625,16667440.0
2016-11-07,100.9800033569336,102.83999633789062,98.5199966430664,99.04000091552734,10632580.0
2016-11-08,99.66999816894531,100.19000244140625,97.19999694824219,98.37000274658203,9603360.0
2016-11-09,92.0,93.44999694824219,83.61499786376953,92.91500091552734,33848550.0
2016-11-10,95.0,97.93000030517578,92.38999938964844,92.91999816894531,17539210.0
2016-11-11,92.0,92.0,85.0,85.80999755859375,27806070.0
2016-11-15,86.86000061035156,86.86000061035156,76.2300033569336,81.50499725341797,43683530.0
2016-11-16,82.69999694824219,94.2699966430664,80.3550033569336,89.9800033569336,77573480.0
2016-11-17,90.3499984741211,90.3499984741211,86.0,87.11499786376953,19293840.0
2016-11-18,87.19999694824219,90.1449966430664,86.5,87.83999633789062,16472760.0
2016-11-21,89.1449966430664,89.1449966430664,81.55000305175781,83.22000122070312,20767910.0
2016-11-22,85.00499725341797,86.30000305175781,83.0250015258789,85.80000305175781,14340860.0
2016-11-23,87.0999984741211,87.1449966430664,84.44999694824219,85.0250015258789,11615950.0
2016-11-24,84.75,85.08499908447266,81.61499786376953,82.06999969482422,16130900.0
2016-11-25,83.0999984741211,88.4000015258789,82.32499694824219,87.79000091552734,16230360.0
2016-11-28,87.62000274658203,89.9000015258789,85.77999877929688,87.92500305175781,18188630.0
2016-11-29,88.44999694824219,92.62999725341797,88.38999938964844,90.7249984741211,25464460.0
2016-11-30,91.0,92.78500366210938,90.90499877929688,91.9800033569336,17753150.0
2016-12-01,92.5999984741211,92.98999786376953,91.0,91.41999816894531,9974750.0
2016-12-02,90.4000015258789,91.0,88.0,88.6500015258789,18182210.0
2016-12-05,88.69999694824219,90.77999877929688,88.5,90.2249984741211,7978130.0
2016-12-06,90.33000183105469,92.38999938964844,89.33000183105469,89.80500030517578,8784340.0
2016-12-07,90.66999816894531,91.07499694824219,87.56500244140625,89.1050033569336,8880280.0
2016-12-08,90.80000305175781,91.58999633789062,90.41000366210938,91.15499877929688,10019200.0
2016-12-09,91.37999725341797,91.7699966430664,89.15499877929688,89.63500213623047,6517670.0
2016-12-12,89.67500305175781,89.67500305175781,83.4000015258789,84.36000061035156,23954250.0
2016-12-13,82.0,84.33999633789062,80.5,83.67500305175781,29139710.0
2016-12-14,83.97000122070312,85.78500366210938,83.27999877929688,84.875,14235920.0
2016-12-15,83.51000213623047,86.69000244140625,83.1050033569336,85.37999725341797,8334950.0
2016-12-16,86.08999633789062,86.30000305175781,84.80000305175781,85.08000183105469,6264590.0
2016-12-19,85.31999969482422,85.31999969482422,81.88999938964844,82.29000091552734,8083120.0
2016-12-20,82.5,82.94999694824219,78.62999725341797,80.58000183105469,20296040.0
2016-12-21,81.0999984741211,81.4800033569336,78.30500030517578,78.86000061035156,16082650.0
2016-12-22,78.4800033569336,78.4800033569336,76.05000305175781,76.54000091552734,18362220.0
2016-12-23,77.66999816894531,82.79000091552734,76.12999725341797,80.8949966430664,33652970.0
2016-12-26,81.0,82.12999725341797,78.20500183105469,81.0,21339160.0
2016-12-27,81.0999984741211,82.79000091552734,79.93499755859375,80.9749984741211,35055640.0
2016-12-28,81.63500213623047,84.08999633789062,81.0999984741211,82.0199966430664,21246090.0
2016-12-29,82.0,83.9749984741211,81.625,83.33499908447266,15940840.0
2016-12-30,84.0,85.47000122070312,83.30000305175781,84.22000122070312,8425640.0
2017-01-02,85.19999694824219,87.38999938964844,84.19999694824219,87.00499725341797,9499670.0
2017-01-03,87.0,88.9000015258789,85.92500305175781,88.4000015258789,12602640.0
2017-01-04,88.70999908447266,89.0999984741211,86.80000305175781,87.19000244140625,9714280.0
2017-01-05,88.33499908447266,90.30000305175781,87.50499725341797,89.9749984741211,14234470.0
2017-01-06,91.0999984741211,91.48999786376953,87.58999633789062,87.84500122070312,40406250.0
2017-01-09,88.77999877929688,89.375,87.51000213623047,87.82499694824219,6153810.0
2017-01-10,88.47000122070312,90.19499969482422,88.00499725341797,89.9749984741211,11472930.0
2017-01-11,90.5,90.94999694824219,89.0999984741211,89.61499786376953,20051890.0
2017-01-12,90.25,90.99500274658203,88.5999984741211,89.12000274658203,7377500.0
2017-01-13,89.31999969482422,90.55000305175781,88.80999755859375,90.00499725341797,8211850.0
2017-01-16,90.0,92.01000213623047,89.44499969482422,91.7699966430664,11175040.0
2017-01-17,92.38999938964844,92.45999908447266,91.05000305175781,91.43499755859375,8495540.0
2017-01-18,91.87000274658203,93.80000305175781,91.5,93.03500366210938,15251440.0
2017-01-19,92.9800033569336,93.2300033569336,91.5999984741211,92.62999725341797,5989970.0
2017-01-20,92.4800033569336,93.0,90.4000015258789,90.7699966430664,6978570.0
2017-01-23,90.94000244140625,93.16999816894531,90.51499938964844,92.96499633789062,8296480.0
2017-01-24,93.49500274658203,93.49500274658203,92.0999984741211,92.9749984741211,8262880.0
2017-01-25,93.12000274658203,100.5999984741211,93.12000274658203,99.98500061035156,38749460.0
2017-01-27,100.0,102.0,99.13500213623047,99.58499908447266,13869160.0
2017-01-30,99.0,105.9000015258789,98.91500091552734,105.4800033569336,48663840.0
2017-01-31,105.88999938964844,107.19999694824219,103.07499694824219,103.69000244140625,23045840.0
2017-02-01,103.9000015258789,106.98999786376953,102.5,106.61499786376953,18603790.0
2017-02-02,106.73999786376953,108.3949966430664,105.0,105.41500091552734,16817290.0
2017-02-03,105.52999877929688,106.80000305175781,104.2300033569336,104.73500061035156,9030790.0
2017-02-06,105.5999984741211,108.55000305175781,105.01000213623047,107.37000274658203,12180630.0
2017-02-07,107.0,107.5,105.23999786376953,106.09500122070312,6587860.0
2017-02-08,106.0,106.94000244140625,102.5,104.94499969482422,10462970.0
2017-02-09,105.80000305175781,106.16500091552734,102.5999984741211,104.08499908447266,9168710.0
2017-02-10,104.5199966430664,105.9000015258789,103.80000305175781,105.54499816894531,6433910.0
2017-02-13,105.69999694824219,107.0,104.32499694824219,105.8949966430664,4844760.0
2017-02-14,106.4000015258789,106.9000015258789,105.5,105.94999694824219,4381000.0
2017-02-15,106.02999877929688,106.5,102.9000015258789,104.04000091552734,6792040.0
2017-02-16,104.08999633789062,110.5999984741211,103.5,109.43499755859375,10350070.0
2017-02-17,111.0,111.80000305175781,108.11000061035156,108.94999694824219,14088530.0
2017-02-20,109.29499816894531,110.94999694824219,103.5,109.58999633789062,6175650.0
2017-02-21,109.22000122070312,110.59500122070312,108.5,109.58999633789062,3354820.0
2017-02-22,109.5,110.41500091552734,106.5,107.625,10006320.0
2017-02-23,108.30000305175781,109.9000015258789,106.6500015258789,106.81999969482422,11961770.0
2017-02-27,107.08499908447266,110.4000015258789,106.9000015258789,109.16000366210938,12234400.0
2017-02-28,109.7750015258789,111.9000015258789,109.5999984741211,110.81999969482422,12574750.0
2017-03-01,112.0,112.88999938964844,107.05999755859375,107.58499908447266,20450870.0
2017-03-02,108.30000305175781,108.95999908447266,101.91000366210938,104.875,25871530.0
2017-03-03,104.75,105.69000244140625,102.41500091552734,104.625,11857510.0
2017-03-06,105.4000015258789,105.5999984741211,102.63999938964844,103.3949966430664,11760840.0
2017-03-07,103.48999786376953,105.58000183105469,102.23999786376953,105.23999786376953,15346340.0
2017-03-08,105.7750015258789,108.4000015258789,104.9000015258789,108.12000274658203,17634140.0
2017-03-09,107.47000122070312,109.5,106.80000305175781,108.72000122070312,13914440.0
2017-03-10,109.25,110.0,108.51000213623047,109.44999694824219,7484050.0
2017-03-14,111.19999694824219,113.54499816894531,110.33999633789062,112.66999816894531,12546820.0
2017-03-15,112.9000015258789,114.31999969482422,112.42500305175781,113.45500183105469,7815100.0
2017-03-16,113.97000122070312,117.80000305175781,113.08499908447266,116.3499984741211,12345030.0
2017-03-17,117.0,118.37000274658203,115.12999725341797,115.93000030517578,8228260.0
2017-03-20,116.5,119.2300033569336,114.2750015258789,117.25499725341797,9783710.0
2017-03-21,117.20500183105469,118.49500274658203,114.5999984741211,117.45500183105469,22847520.0
2017-03-22,115.51000213623047,116.79499816894531,115.0,115.97000122070312,6915510.0
2017-03-23,116.1500015258789,119.16999816894531,116.1500015258789,118.57499694824219,8737410.0
2017-03-24,119.04000091552734,119.80000305175781,117.05500030517578,117.70500183105469,6680100.0
2017-03-27,117.69999694824219,118.9000015258789,117.0999984741211,118.5,4792650.0
2017-03-28,119.4000015258789,120.5999984741211,118.67500305175781,119.4749984741211,8099590.0
2017-03-29,119.94000244140625,120.5,117.19999694824219,118.07499694824219,6326070.0
2017-03-30,118.0,119.01000213623047,117.30000305175781,118.1050033569336,6579660.0
2017-03-31,118.80000305175781,118.80000305175781,116.75,117.11000061035156,4745850.0
2017-04-03,117.00499725341797,118.9000015258789,116.19999694824219,118.17500305175781,4736420.0
2017-04-05,119.0,119.0,116.5,117.30999755859375,6807770.0
2017-04-06,117.77999877929688,120.40499877929688,116.57499694824219,119.80999755859375,8568760.0
2017-04-07,119.80000305175781,122.4000015258789,119.22000122070312,120.16000366210938,10999610.0
2017-04-10,120.16999816894531,125.19999694824219,119.0,124.07499694824219,10466890.0
2017-04-11,124.5999984741211,127.4000015258789,124.19999694824219,125.59500122070312,11429670.0
2017-04-12,126.0,127.80000305175781,124.80000305175781,126.62000274658203,10620450.0
2017-04-13,126.77999877929688,129.1999969482422,126.0999984741211,127.38999938964844,6133480.0
2017-04-17,127.48999786376953,128.1999969482422,124.65499877929688,125.95500183105469,6094760.0
2017-04-18,125.44000244140625,127.06999969482422,122.98999786376953,123.6050033569336,5837080.0
2017-04-19,123.77999877929688,125.25,121.75499725341797,124.29499816894531,7772970.0
2017-04-20,125.30000305175781,125.8499984741211,124.30000305175781,125.19999694824219,4436370.0
2017-04-21,125.19999694824219,125.98999786376953,123.62999725341797,124.69499969482422,3801260.0
2017-04-24,125.11000061035156,127.5,124.20999908447266,127.17500305175781,4754880.0
2017-04-25,127.9000015258789,134.89999389648438,127.5999984741211,134.1699981689453,20927240.0
2017-04-26,134.5,134.99000549316406,130.15499877929688,130.97000122070312,12073200.0
2017-04-27,131.5,131.5850067138672,127.80500030517578,128.57000732421875,16276310.0
2017-04-28,127.80500030517578,129.5,126.875,127.62000274658203,11831540.0
2017-05-02,128.19000244140625,128.61500549316406,125.69999694824219,126.86000061035156,7085740.0
2017-05-03,127.0,128.27999877929688,126.0,127.01000213623047,10867780.0
2017-05-04,127.125,131.19000244140625,127.125,129.65499877929688,11213020.0
2017-05-05,129.5,130.3000030517578,126.48999786376953,127.42500305175781,4672050.0
2017-05-08,127.0250015258789,128.63499450683594,126.05000305175781,127.19999694824219,4716270.0
2017-05-09,127.5,129.2899932861328,126.44999694824219,128.61000061035156,5677030.0
2017-05-10,129.5,133.10000610351562,129.35499572753906,132.6999969482422,13021850.0
2017-05-11,133.4949951171875,134.49000549316406,131.84500122070312,133.97000122070312,6727680.0
2017-05-12,133.1999969482422,133.89999389648438,130.5,131.47500610351562,4388630.0
2017-05-15,132.3000030517578,134.85000610351562,131.76499938964844,133.2949981689453,6341950.0
2017-05-16,133.74000549316406,135.8800048828125,132.72000122070312,134.77499389648438,7885300.0
2017-05-17,135.0,137.39999389648438,129.75,132.47999572753906,24083020.0
2017-05-18,129.89999389648438,134.3000030517578,129.60499572753906,131.4550018310547,12109850.0
2017-05-19,132.39999389648438,133.38999938964844,126.55500030517578,128.9149932861328,11670100.0
2017-05-22,129.89999389648438,130.39999389648438,123.73500061035156,124.21499633789062,8738730.0
2017-05-23,124.98999786376953,126.5,119.05500030517578,123.375,13483830.0
2017-05-24,123.4000015258789,125.48999786376953,121.0,122.43499755859375,7871010.0
2017-05-25,123.0,126.80000305175781,122.82499694824219,125.88500213623047,9058070.0
2017-05-26,126.16999816894531,132.6699981689453,126.16999816894531,131.77999877929688,13067930.0
2017-05-29,131.94000244140625,133.3000030517578,130.19000244140625,130.7449951171875,6522890.0
2017-05-30,130.52000427246094,132.49000549316406,130.3699951171875,132.15499877929688,5130050.0
2017-05-31,132.3000030517578,133.49000549316406,131.61000061035156,132.69500732421875,7262840.0
2017-06-01,133.39999389648438,133.89999389648438,132.02499389648438,132.73500061035156,3879680.0
2017-06-02,133.24000549316406,136.5,131.8000030517578,136.125,6680810.0
2017-06-05,136.85499572753906,137.26499938964844,134.80499267578125,136.30999755859375,5700090.0
2017-06-06,136.33999633789062,136.7899932861328,132.5,133.6649932861328,6016780.0
2017-06-07,134.11000061035156,136.0,133.50999450683594,134.31500244140625,5509880.0
2017-06-08,134.49000549316406,137.1999969482422,134.47000122070312,136.1699981689453,5708190.0
2017-06-09,135.8000030517578,138.1999969482422,134.3699951171875,137.68499755859375,5305820.0
2017-06-12,136.9949951171875,138.3000030517578,135.65499877929688,136.4949951171875,3700280.0
2017-06-13,137.39999389648438,138.0,136.10000610351562,137.14999389648438,4356440.0
2017-06-14,137.4199981689453,137.5,135.39999389648438,136.10000610351562,6347270.0
2017-06-15,136.11000061035156,141.3000030517578,135.22000122070312,140.52499389648438,15697740.0
2017-06-16,141.5,142.48500061035156,140.3300018310547,141.02999877929688,8245160.0
2017-06-19,140.52000427246094,142.1699981689453,139.55999755859375,139.98500061035156,4262230.0
2017-06-20,140.77000427246094,143.2899932861328,139.5050048828125,140.9600067138672,7811610.0
2017-06-21,140.47999572753906,142.60000610351562,140.10000610351562,141.6649932861328,4491810.0
2017-06-22,141.89999389648438,142.6999969482422,139.52999877929688,140.17999267578125,4775860.0
2017-06-23,140.5,141.5500030517578,136.60000610351562,140.0749969482422,6207810.0
2017-06-27,140.0,140.0,133.6750030517578,134.9949951171875,10538290.0
2017-06-28,134.10000610351562,137.6999969482422,131.38999938964844,137.23500061035156,9982180.0
2017-06-29,137.89999389648438,139.48500061035156,136.64999389648438,137.6300048828125,7268690.0
2017-06-30,136.75999450683594,138.0,135.25,137.30999755859375,4962600.0
2017-07-03,138.0,139.0,136.64999389648438,138.71499633789062,4465140.0
2017-07-04,139.0,140.875,137.65499877929688,137.9550018310547,7043420.0
2017-07-05,137.5,140.6999969482422,137.00999450683594,139.85499572753906,6439290.0
2017-07-06,139.88999938964844,141.35000610351562,139.23500061035156,139.92999267578125,4181300.0
2017-07-07,139.85000610351562,140.36000061035156,138.74000549316406,139.1699981689453,2020050.0
2017-07-10,140.55999755859375,141.5050048828125,139.50999450683594,141.27999877929688,1496500.0
2017-07-11,141.94000244140625,143.10000610351562,140.9600067138672,141.9199981689453,6655560.0
2017-07-12,142.4499969482422,145.1999969482422,142.0,144.3699951171875,6549340.0
2017-07-13,145.1999969482422,148.9499969482422,145.08999633789062,148.58999633789062,10117980.0
2017-07-14,148.5,150.86500549316406,147.06500244140625,149.94000244140625,5705220.0
2017-07-17,150.4949951171875,154.97000122070312,148.80499267578125,153.85000610351562,9470060.0
2017-07-18,153.7949981689453,154.51499938964844,150.6999969482422,151.23500061035156,5017080.0
2017-07-19,151.96499633789062,157.74000549316406,151.5,154.18499755859375,26552730.0
2017-07-20,155.10000610351562,160.8000030517578,154.7100067138672,159.53500366210938,21696350.0
2017-07-21,159.88999938964844,163.14999389648438,158.5,162.13499450683594,13805410.0
2017-07-24,163.3000030517578,163.72999572753906,158.7949981689453,159.74000549316406,8354750.0
2017-07-25,160.69000244140625,163.2899932861328,160.0,162.75,8138540.0
2017-07-26,163.60000610351562,169.5749969482422,163.0,168.71499633789062,14759060.0
2017-07-27,170.39999389648438,173.97999572753906,167.11000061035156,167.93499755859375,19555620.0
2017-07-28,167.1999969482422,171.08999633789062,166.2550048828125,170.13499450683594,9262680.0
2017-07-31,171.8000030517578,172.39999389648438,169.75999450683594,170.30999755859375,5769280.0
2017-08-01,170.99000549316406,172.7899932861328,170.60499572753906,171.625,6925910.0
2017-08-02,172.4949951171875,172.6199951171875,169.11000061035156,170.72000122070312,3961710.0
2017-08-03,171.39999389648438,172.89999389648438,169.80499267578125,170.1750030517578,7757090.0
2017-08-04,170.49000549316406,173.0,170.10499572753906,172.34500122070312,7106360.0
2017-08-07,173.5500030517578,180.59500122070312,172.9600067138672,179.81500244140625,15040330.0
2017-08-08,181.3000030517578,182.9499969482422,177.1999969482422,177.97999572753906,17610650.0
2017-08-09,176.99000549316406,176.99000549316406,168.2550048828125,169.77000427246094,18995600.0
2017-08-10,168.0,168.99000549316406,161.0050048828125,163.55999755859375,18350020.0
2017-08-11,159.0,173.25999450683594,159.0,169.5399932861328,35055760.0
2017-08-14,172.1300048828125,174.23500061035156,170.5,171.08999633789062,13118550.0
2017-08-16,173.0,173.0,168.32000732421875,172.13499450683594,7057540.0
2017-08-17,173.0,176.25,172.0500030517578,172.875,7292690.0
2017-08-18,171.0,172.2899932861328,168.85000610351562,170.4949951171875,9323350.0
2017-08-21,170.4949951171875,173.10000610351562,167.85499572753906,169.05999755859375,10900570.0
2017-08-22,170.8000030517578,171.36000061035156,166.2550048828125,168.2899932861328,6543340.0
2017-08-23,169.58999633789062,178.47000122070312,169.58999633789062,177.92999267578125,18250880.0
2017-08-24,179.13999938964844,179.77000427246094,175.27999877929688,176.00999450683594,13245320.0
2017-08-28,177.35000610351562,183.74000549316406,176.6999969482422,182.9949951171875,13473450.0
2017-08-29,183.5,183.5,176.1999969482422,177.33999633789062,14822570.0
2017-08-30,179.8000030517578,181.94000244140625,177.7050018310547,178.80499267578125,10646010.0
2017-08-31,179.74000549316406,180.57000732421875,177.0,178.19000244140625,11167650.0
2017-09-01,179.0,180.6999969482422,179.0,179.9949951171875,4893960.0
2017-09-04,179.7949981689453,182.0,177.55499267578125,180.13499450683594,6589650.0
2017-09-05,180.98500061035156,181.52999877929688,178.4550018310547,179.44000244140625,7412290.0
2017-09-06,178.1999969482422,188.3000030517578,177.77000427246094,185.89500427246094,27428920.0
2017-09-07,188.0,198.58999633789062,187.11500549316406,196.32000732421875,42717340.0
2017-09-08,197.0,197.4949951171875,188.10000610351562,189.1199951171875,28563290.0
2017-09-11,190.0,193.5449981689453,189.80499267578125,192.0449981689453,10988040.0
2017-09-12,193.5,193.5,188.66000366210938,189.44000244140625,14739970.0
2017-09-13,189.5,192.47000122070312,189.5,190.71499633789062,8108100.0
2017-09-14,191.3000030517578,193.5500030517578,190.10000610351562,190.99000549316406,9518700.0
2017-09-15,189.55999755859375,191.2100067138672,188.13999938964844,190.27499389648438,9221490.0
2017-09-18,191.60000610351562,192.9250030517578,190.66000366210938,191.1649932861328,4309470.0
2017-09-19,192.41000366210938,192.8699951171875,190.40499877929688,191.17999267578125,5980200.0
2017-09-20,191.8800048828125,191.88499450683594,190.0,190.49000549316406,3775510.0
2017-09-21,190.8000030517578,192.60000610351562,187.15499877929688,191.9499969482422,7548800.0
2017-09-22,191.0,191.0,184.6999969482422,186.31500244140625,17729430.0
2017-09-25,185.9949951171875,185.9949951171875,175.89999389648438,179.60000610351562,18268840.0
2017-09-26,179.60000610351562,186.27999877929688,178.09500122070312,184.00999450683594,10449470.0
2017-09-27,185.89999389648438,185.89999389648438,179.52499389648438,180.6750030517578,7641480.0
2017-09-28,181.6999969482422,185.5,179.10000610351562,184.28500366210938,39255550.0
2017-09-29,185.7949981689453,187.5,183.03500366210938,183.80499267578125,12169640.0
2017-10-03,186.0,187.35000610351562,183.1699981689453,186.77999877929688,9752930.0
2017-10-04,187.9949951171875,187.9949951171875,185.1999969482422,186.26499938964844,5380690.0
2017-10-05,186.5,188.5500030517578,185.5399932861328,186.6199951171875,3984630.0
2017-10-06,188.0,193.4550018310547,186.83999633789062,192.36000061035156,12276150.0
2017-10-09,192.8000030517578,195.39999389648438,191.60000610351562,194.1300048828125,9995740.0
2017-10-10,194.39999389648438,195.94000244140625,194.3000030517578,195.0800018310547,5171170.0
2017-10-11,196.6999969482422,196.6999969482422,190.19500732421875,192.35499572753906,7269780.0
2017-10-12,194.0,195.77499389648438,192.3000030517578,195.31500244140625,10193500.0
2017-10-13,195.50999450683594,197.3699951171875,194.84500122070312,195.30499267578125,8498320.0
2017-10-16,196.60000610351562,196.6999969482422,187.53500366210938,188.6300048828125,26527530.0
2017-10-17,188.02499389648438,190.1999969482422,185.63999938964844,186.7100067138672,17824210.0
2017-10-18,187.0,188.39999389648438,184.86500549316406,186.85000610351562,7100460.0
2017-10-19,187.27999877929688,187.27999877929688,183.1999969482422,184.58999633789062,1698450.0
2017-10-23,184.5,185.69000244140625,181.22000122070312,183.375,10111370.0
2017-10-24,184.8000030517578,184.8000030517578,181.60000610351562,182.60499572753906,9298720.0
2017-10-25,182.0,182.0,171.35499572753906,172.63499450683594,28652790.0
2017-10-26,173.89999389648438,176.60000610351562,170.00999450683594,174.6750030517578,16412620.0
2017-10-27,176.0050048828125,182.86500549316406,175.2449951171875,181.89999389648438,16560790.0
2017-10-30,183.1999969482422,183.625,179.77999877929688,180.42999267578125,5639010.0
2017-10-31,178.6999969482422,182.40499877929688,177.4550018310547,180.05999755859375,7648830.0
2017-11-01,180.9600067138672,181.97000122070312,180.10000610351562,180.6750030517578,4689990.0
2017-11-02,181.5,182.19000244140625,180.1999969482422,181.02000427246094,4586030.0
2017-11-03,182.5,184.5,180.83999633789062,183.69500732421875,7699950.0
2017-11-06,181.8000030517578,184.49000549316406,181.17999267578125,182.1999969482422,5830970.0
2017-11-07,184.8000030517578,184.8000030517578,177.3300018310547,180.2550048828125,7695900.0
2017-11-08,179.4550018310547,180.49000549316406,177.15499877929688,177.57000732421875,5495670.0
2017-11-09,178.7050018310547,179.33999633789062,173.3000030517578,175.3000030517578,8663490.0
2017-11-10,173.11000061035156,176.89999389648438,173.11000061035156,174.5,8059540.0
2017-11-13,175.9949951171875,175.9949951171875,171.85000610351562,172.875,5445300.0
2017-11-14,173.10000610351562,176.99000549316406,172.02000427246094,175.49000549316406,6335540.0
2017-11-15,176.2100067138672,176.39500427246094,170.7050018310547,171.3800048828125,9264650.0
2017-11-16,172.5,178.02000427246094,171.64999389648438,176.4250030517578,9010890.0
2017-11-17,179.0,181.6999969482422,177.80999755859375,178.73500061035156,9439390.0
2017-11-20,178.67999267578125,180.75,177.0050048828125,180.52499389648438,6021150.0
2017-11-21,181.89999389648438,182.27499389648438,179.125,180.97500610351562,4955850.0
2017-11-22,181.6699981689453,181.6699981689453,176.85499572753906,177.39500427246094,7382040.0
2017-11-23,177.6999969482422,178.2449951171875,174.6999969482422,176.36500549316406,5874120.0
2017-11-24,177.3000030517578,179.8300018310547,176.39999389648438,179.0,5729470.0
2017-11-27,178.0,178.42999267578125,176.5,177.3249969482422,5730990.0
2017-11-28,177.1999969482422,178.39500427246094,176.25,176.63999938964844,5529620.0
2017-11-29,176.5,177.7949981689453,175.10000610351562,175.6300048828125,6871180.0
2017-11-30,175.48500061035156,175.94000244140625,172.23500061035156,172.7050018310547,13045560.0
2017-12-01,173.6999969482422,174.17999267578125,170.52999877929688,171.16000366210938,6018220.0
2017-12-04,172.39999389648438,172.39999389648438,167.01499938964844,167.59500122070312,8020410.0
2017-12-05,167.59500122070312,171.89999389648438,166.10499572753906,170.74000549316406,11099200.0
2017-12-06,169.9949951171875,171.49000549316406,166.25,167.14500427246094,9332130.0
2017-12-07,168.5,169.01499938964844,166.10000610351562,167.6300048828125,9861670.0
2017-12-08,168.5,170.82000732421875,168.3300018310547,170.22500610351562,7677140.0
2017-12-11,171.0,172.0,169.02000427246094,170.77999877929688,6161890.0
2017-12-12,170.5,171.60000610351562,169.00999450683594,169.9250030517578,10518280.0
2017-12-13,169.47500610351562,170.0749969482422,166.10000610351562,167.17999267578125,9323780.0
2017-12-14,167.5,169.88999938964844,162.7050018310547,168.5850067138672,12570720.0
2017-12-15,170.0,173.97000122070312,169.1999969482422,172.9600067138672,15072790.0
2017-12-18,172.60000610351562,177.3000030517578,165.32000732421875,175.68499755859375,16301700.0
2017-12-19,176.60000610351562,177.0850067138672,173.90499877929688,175.77499389648438,7074670.0
2017-12-20,176.5,178.5,175.0,177.0399932861328,9578930.0
2017-12-21,177.4949951171875,177.4949951171875,174.3350067138672,174.80499267578125,8963980.0
2017-12-22,175.60000610351562,178.83999633789062,175.0,178.2449951171875,6627160.0
2017-12-26,178.47000122070312,179.5,177.4199981689453,178.9499969482422,4942240.0
2017-12-27,179.72000122070312,179.75999450683594,176.1999969482422,177.09500122070312,4504130.0
2017-12-28,178.0,178.1999969482422,174.5500030517578,175.51499938964844,8863760.0
2017-12-29,174.9250030517578,176.58999633789062,174.81500244140625,175.6699981689453,4475070.0
2018-01-01,175.9499969482422,176.0,172.0399932861328,172.56500244140625,5353190.0
2018-01-02,173.97000122070312,173.97000122070312,171.0,172.46499633789062,5762080.0
2018-01-03,172.6999969482422,173.8350067138672,171.10000610351562,171.52999877929688,4161360.0
2018-01-04,172.5,175.8249969482422,171.39999389648438,175.39999389648438,7301470.0
2018-01-05,176.60000610351562,182.10000610351562,175.91000366210938,181.4499969482422,9843270.0
2018-01-08,182.0,184.3000030517578,182.0,183.68499755859375,8250220.0
2018-01-09,184.3000030517578,184.3000030517578,181.0,181.9499969482422,5127210.0
2018-01-10,182.0,182.09500122070312,179.39999389648438,180.22000122070312,4067910.0
2018-01-11,179.8000030517578,179.8000030517578,177.30499267578125,178.03500366210938,8184710.0
2018-01-12,178.3000030517578,179.08999633789062,175.11500549316406,177.00999450683594,6063160.0
2018-01-15,177.10000610351562,179.49000549316406,173.3000030517578,173.81500244140625,8470370.0
2018-01-16,174.5800018310547,174.5800018310547,168.4600067138672,168.73500061035156,10765810.0
2018-01-17,169.50999450683594,170.98500061035156,166.57000732421875,170.1199951171875,11995010.0
2018-01-18,171.1999969482422,171.72500610351562,165.39999389648438,166.07000732421875,9616920.0
2018-01-19,166.08999633789062,171.125,163.25999450683594,170.19000244140625,9745970.0
2018-01-22,171.39999389648438,172.60000610351562,167.8000030517578,170.63499450683594,9244980.0
2018-01-23,171.0,171.8000030517578,169.24000549316406,170.8699951171875,12454930.0
2018-01-24,171.5,174.68499755859375,169.7050018310547,173.9149932861328,14413130.0
2018-01-25,174.10000610351562,174.19000244140625,170.33999633789062,171.02999877929688,8808910.0
2018-01-29,171.10000610351562,173.52499389648438,171.0,171.52999877929688,6431370.0
2018-01-30,171.5,171.89500427246094,167.10000610351562,167.83999633789062,6801040.0
2018-01-31,165.7449951171875,169.0,164.5,167.78500366210938,13322250.0
2018-02-01,168.17999267578125,176.0,164.47500610351562,172.94500732421875,19398120.0
2018-02-02,170.80499267578125,171.3000030517578,162.02000427246094,162.88999938964844,16450450.0
2018-02-05,160.0,162.7949981689453,154.64999389648438,160.4949951171875,14721640.0
2018-02-06,153.0,168.375,151.1199951171875,166.21499633789062,21094160.0
2018-02-07,168.0,168.6999969482422,162.05999755859375,164.1649932861328,14669830.0
2018-02-08,165.39999389648438,167.89999389648438,163.80499267578125,166.21499633789062,7507460.0
2018-02-09,162.90499877929688,165.5,161.72999572753906,163.94000244140625,7037200.0
2018-02-12,164.5,165.60000610351562,163.52999877929688,164.3800048828125,4721150.0
2018-02-14,165.39999389648438,169.69500732421875,165.15499877929688,166.9949951171875,10660360.0
2018-02-15,167.8800048828125,171.18499755859375,160.17999267578125,167.7050018310547,11771160.0
2018-02-16,169.0,170.39500427246094,167.15499877929688,167.52499389648438,9476850.0
2018-02-19,167.5,167.5,162.35499572753906,164.27000427246094,6953100.0
2018-02-20,165.48500061035156,165.77000427246094,162.60000610351562,163.875,5839550.0
2018-02-21,165.8000030517578,165.8000030517578,158.72999572753906,159.64500427246094,16897440.0
2018-02-22,158.8000030517578,161.75,157.64500427246094,160.03500366210938,10506250.0
2018-02-23,160.67999267578125,163.8000030517578,160.23500061035156,163.33999633789062,7114740.0
2018-02-26,164.0,167.97999572753906,163.64999389648438,167.4949951171875,10366590.0
2018-02-27,167.60000610351562,167.9949951171875,165.10000610351562,165.67999267578125,6052440.0
2018-02-28,164.39999389648438,165.9600067138672,162.89999389648438,164.02499389648438,17563490.0
2018-03-01,163.5,166.60000610351562,162.8000030517578,165.93499755859375,12383900.0
2018-03-05,166.0,166.0,162.10000610351562,163.69500732421875,7437790.0
2018-03-06,165.5,167.18499755859375,162.75999450683594,163.77499389648438,9441760.0
2018-03-07,164.10000610351562,164.86500549316406,160.60000610351562,161.8350067138672,6445770.0
2018-03-08,163.4949951171875,163.7899932861328,159.4199981689453,162.80499267578125,6631960.0
2018-03-09,163.5,166.72000122070312,161.64500427246094,165.4199981689453,8397180.0
2018-03-12,166.3000030517578,168.19000244140625,165.5050048828125,166.52499389648438,4861870.0
2018-03-13,166.5500030517578,169.88499450683594,166.36000061035156,168.07000732421875,8208020.0
2018-03-14,167.1999969482422,172.08999633789062,166.8249969482422,171.00999450683594,8486590.0
2018-03-15,171.50999450683594,173.99000549316406,171.39999389648438,172.625,7391870.0
2018-03-16,171.1999969482422,172.46499633789062,168.10499572753906,168.7899932861328,10176990.0
2018-03-19,169.88999938964844,169.88999938964844,162.6999969482422,163.18499755859375,8489840.0
2018-03-20,162.6999969482422,166.30999755859375,161.52000427246094,165.72999572753906,13187580.0
2018-03-21,167.4499969482422,171.1999969482422,166.5500030517578,170.4550018310547,11310980.0
2018-03-22,170.8000030517578,172.0,169.01499938964844,169.55999755859375,11537160.0
2018-03-23,165.5,169.5,165.5,168.52999877929688,10884260.0
2018-03-26,169.88999938964844,174.8000030517578,168.60000610351562,174.16000366210938,12889840.0
2018-03-27,175.0,179.8000030517578,174.97999572753906,177.2449951171875,16702390.0
2018-03-28,177.6999969482422,179.3000030517578,176.0800018310547,176.7550048828125,9869600.0
2018-04-02,176.89999389648438,182.5,176.89999389648438,181.86000061035156,6332030.0
2018-04-03,182.0,184.0,180.16000366210938,183.4250030517578,10494570.0
2018-04-04,184.0,186.9600067138672,183.6699981689453,185.02000427246094,17934410.0
2018-04-05,186.60000610351562,192.2100067138672,186.60000610351562,191.55999755859375,13859590.0
2018-04-06,191.89999389648438,194.35000610351562,190.88499450683594,193.75999450683594,16120010.0
2018-04-09,194.25999450683594,196.77499389648438,193.02499389648438,194.4250030517578,11317920.0
2018-04-10,195.0,195.2449951171875,191.36500549316406,192.60499572753906,10138110.0
2018-04-11,192.60000610351562,195.5,189.13999938964844,192.46499633789062,11889760.0
2018-04-12,192.375,194.2100067138672,191.10499572753906,192.93499755859375,5353540.0
2018-04-13,193.10000610351562,194.88499450683594,190.75999450683594,191.43499755859375,5928860.0
2018-04-16,191.39500427246094,195.0,189.7550048828125,194.3300018310547,7727230.0
2018-04-17,195.99000549316406,195.99000549316406,191.8000030517578,193.5050048828125,6962030.0
2018-04-18,194.60000610351562,195.05499267578125,192.1300048828125,192.68499755859375,4629050.0
2018-04-19,193.5,193.5500030517578,190.81500244140625,191.3300018310547,6325890.0
2018-04-20,190.77999877929688,190.77999877929688,185.01499938964844,188.0399932861328,12261960.0
2018-04-23,188.0,191.97500610351562,186.0800018310547,189.93499755859375,7621250.0
2018-04-24,190.8000030517578,193.3249969482422,189.86000061035156,191.77999877929688,7848950.0
2018-04-25,192.59500122070312,193.89500427246094,188.86500549316406,189.98500061035156,6776750.0
2018-04-26,190.89999389648438,191.5,187.66000366210938,189.2100067138672,10983390.0
2018-04-27,191.1999969482422,191.5449981689453,189.25,190.11500549316406,6415910.0
2018-04-30,192.49000549316406,192.49000549316406,189.47999572753906,190.77000427246094,6472100.0
2018-05-02,190.89999389648438,193.6750030517578,190.0,190.50999450683594,6870830.0
2018-05-03,190.5050048828125,190.6750030517578,186.25999450683594,187.42999267578125,4717500.0
2018-05-04,188.0,189.3249969482422,185.1649932861328,185.74000549316406,5621770.0
2018-05-07,186.5,190.1999969482422,185.60499572753906,189.5449981689453,4855190.0
2018-05-08,189.85000610351562,189.85000610351562,186.0,186.83999633789062,6697570.0
2018-05-09,187.50999450683594,187.50999450683594,184.5,184.91000366210938,6455530.0
2018-05-10,185.1999969482422,186.14500427246094,181.8000030517578,183.74000549316406,5887920.0
2018-05-11,184.5,188.0749969482422,182.80999755859375,186.14999389648438,4832490.0
2018-05-14,186.30999755859375,188.39500427246094,184.2949981689453,186.4499969482422,6429710.0
2018-05-15,186.52499389648438,193.35000610351562,185.4499969482422,190.19500732421875,15703020.0
2018-05-16,189.25,192.89999389648438,187.2899932861328,191.9949951171875,9528360.0
2018-05-17,193.0,208.77999877929688,190.61000061035156,206.64999389648438,55812030.0
2018-05-18,206.99000549316406,217.1750030517578,206.56500244140625,214.96499633789062,83167340.0
2018-05-21,212.5,214.89999389648438,208.05499267578125,210.5449981689453,23768230.0
2018-05-22,211.10000610351562,217.7899932861328,211.0,214.92999267578125,19633730.0
2018-05-23,214.8000030517578,214.8000030517578,206.6199951171875,207.83999633789062,14438270.0
2018-05-24,209.5500030517578,210.97999572753906,206.8000030517578,209.47500610351562,8409320.0
2018-05-25,210.6999969482422,215.19000244140625,210.35000610351562,211.60000610351562,13421450.0
2018-05-28,212.5,213.8000030517578,208.625,209.4949951171875,8061900.0
2018-05-29,210.5,210.6999969482422,206.5050048828125,207.7100067138672,7272590.0
2018-05-30,206.3300018310547,213.0,205.625,211.86500549316406,12515080.0
2018-05-31,214.25,214.5,210.10000610351562,210.99000549316406,13233970.0
2018-06-01,212.0,212.0,206.5800018310547,207.74000549316406,6045740.0
2018-06-04,209.02000427246094,209.875,205.52999877929688,206.28500366210938,5131520.0
2018-06-05,206.5,211.9550018310547,205.5,210.05999755859375,8168790.0
2018-06-06,212.1999969482422,217.2899932861328,210.6999969482422,216.06500244140625,18029770.0
2018-06-07,217.1999969482422,219.72000122070312,216.01499938964844,216.94500732421875,14894130.0
2018-06-08,216.49000549316406,221.9949951171875,214.7050018310547,218.68499755859375,30395950.0
2018-06-11,221.0,225.85000610351562,219.6199951171875,225.02999877929688,20595810.0
2018-06-12,225.5,227.6999969482422,223.60000610351562,226.125,16551670.0
2018-06-13,227.0,227.16000366210938,222.57000732421875,223.10499572753906,10953720.0
2018-06-14,223.5,225.1999969482422,219.6999969482422,224.3249969482422,13213410.0
2018-06-15,225.0,229.15499877929688,223.11000061035156,228.36000061035156,16375000.0
2018-06-18,227.1999969482422,229.60000610351562,223.4199981689453,224.31500244140625,11268770.0
2018-06-19,223.5,228.10000610351562,222.7050018310547,227.05999755859375,11515820.0
2018-06-20,227.4949951171875,230.2100067138672,226.11500549316406,226.77999877929688,11272730.0
2018-06-21,227.6999969482422,228.8000030517578,225.00999450683594,225.7449951171875,7170230.0
2018-06-22,226.6999969482422,234.1999969482422,225.05499267578125,233.60499572753906,17142240.0
2018-06-25,234.1999969482422,239.89999389648438,233.39999389648438,239.05999755859375,23935350.0
2018-06-26,238.5,241.9149932861328,234.4550018310547,236.73500061035156,23379420.0
2018-06-27,237.97999572753906,237.97999572753906,232.2550048828125,233.5500030517578,10691260.0
2018-06-28,233.6999969482422,234.8000030517578,225.3800048828125,227.47000122070312,17130030.0
2018-06-29,228.2100067138672,232.0,227.05999755859375,229.63499450683594,13784210.0
2018-07-02,230.0,231.47000122070312,228.11000061035156,229.9550018310547,8403760.0
2018-07-03,230.5,233.39999389648438,228.5749969482422,232.11000061035156,8106670.0
2018-07-04,233.3000030517578,234.5,230.65499877929688,233.13999938964844,9163790.0
2018-07-05,233.89999389648438,234.89999389648438,232.24000549316406,233.01499938964844,6887850.0
2018-07-06,233.8800048828125,235.5,232.39999389648438,234.57000732421875,6906170.0
2018-07-09,235.89999389648438,236.32000732421875,233.6999969482422,234.80499267578125,5516950.0
2018-07-10,236.0,238.1999969482422,235.0,236.63499450683594,7841340.0
2018-07-11,236.58999633789062,238.1999969482422,234.5,235.55999755859375,5948050.0
2018-07-12,237.5,242.89999389648438,236.03500366210938,241.5,13961500.0
2018-07-13,243.38499450683594,247.5,242.22000122070312,246.86000061035156,13904850.0
2018-07-16,247.5,249.94000244140625,246.0,247.22999572753906,11726440.0
2018-07-17,247.5,249.22500610351562,243.55999755859375,246.9149932861328,9446860.0
2018-07-18,247.82000732421875,252.30499267578125,247.13499450683594,248.875,14054780.0
2018-07-19,250.38999938964844,253.6999969482422,235.75,252.02000427246094,48898170.0
2018-07-20,252.10000610351562,274.5,248.68499755859375,272.135009765625,73612740.0
2018-07-23,272.0,279.70001220703125,271.70001220703125,275.5799865722656,35518880.0
2018-07-24,274.8999938964844,275.79998779296875,268.7250061035156,271.3349914550781,27788370.0
2018-07-25,272.70001220703125,277.8299865722656,269.20001220703125,270.5050048828125,18841050.0
2018-07-26,269.5,272.8399963378906,265.4800109863281,268.1650085449219,21859050.0
2018-07-27,268.5,272.45001220703125,266.7049865722656,271.3699951171875,9587030.0
2018-07-30,271.55499267578125,272.260009765625,266.6000061035156,267.79998779296875,8221620.0
2018-07-31,267.20001220703125,270.8900146484375,266.80499267578125,269.7900085449219,7111740.0
2018-08-01,271.5,277.1650085449219,270.2699890136719,272.2799987792969,15845410.0
2018-08-02,271.42999267578125,272.625,268.0,268.385009765625,7811730.0
2018-08-03,270.0,270.8999938964844,266.0249938964844,268.1300048828125,7418520.0
2018-08-06,269.3900146484375,270.7950134277344,266.6449890136719,269.625,6229050.0
2018-08-07,270.5,275.45001220703125,268.20001220703125,274.7349853515625,11664830.0
2018-08-08,275.5199890136719,281.9649963378906,275.20001220703125,281.31500244140625,21139340.0
2018-08-09,282.3999938964844,284.6050109863281,280.0,283.0150146484375,11470830.0
2018-08-10,281.6000061035156,283.739990234375,279.125,280.8450012207031,8775080.0
2018-08-13,280.7950134277344,280.7950134277344,275.4200134277344,276.0400085449219,8093650.0
2018-08-14,276.3299865722656,283.75,276.3299865722656,283.0199890136719,10516580.0
2018-08-16,283.20001220703125,290.79998779296875,282.2049865722656,285.6600036621094,22297270.0
2018-08-17,286.6000061035156,288.5,284.1499938964844,285.1199951171875,6881330.0
2018-08-20,287.7950134277344,287.7950134277344,283.6300048828125,283.9750061035156,6654800.0
2018-08-21,284.0849914550781,288.29998779296875,282.4800109863281,287.17999267578125,9515490.0
2018-08-23,288.8999938964844,290.8999938964844,287.1300048828125,289.385009765625,16759200.0
2018-08-24,289.20001220703125,294.3399963378906,289.1050109863281,291.6600036621094,13277100.0
2018-08-27,293.94000244140625,295.8999938964844,292.5050048828125,295.07501220703125,9760040.0
2018-08-28,298.20001220703125,298.20001220703125,292.5799865722656,293.260009765625,12337420.0
2018-08-29,293.0,299.3999938964844,293.0,298.54998779296875,14025830.0
2018-08-30,299.3900146484375,299.3900146484375,292.0950012207031,292.67498779296875,14529960.0
2018-08-31,293.5,295.4849853515625,284.1099853515625,285.6600036621094,13572060.0
2018-09-03,288.0,288.0,271.5299987792969,272.4049987792969,25168400.0
2018-09-04,272.3999938964844,277.7650146484375,268.3500061035156,274.6300048828125,26069920.0
2018-09-05,274.0150146484375,276.4800109863281,266.79998779296875,271.69000244140625,17284550.0
2018-09-06,272.8999938964844,273.1499938964844,267.1400146484375,268.4100036621094,11478790.0
2018-09-07,269.8399963378906,275.1400146484375,267.260009765625,274.4200134277344,12644360.0
2018-09-10,273.20001220703125,273.79998779296875,259.6000061035156,261.56500244140625,15701790.0
2018-09-11,262.1000061035156,266.8800048828125,256.2250061035156,260.07501220703125,33576600.0
2018-09-12,261.7950134277344,263.69500732421875,251.61000061035156,259.3999938964844,26823400.0
2018-09-14,263.04998779296875,268.3500061035156,262.625,267.2200012207031,17951310.0
2018-09-17,266.0,266.0,258.82501220703125,260.4599914550781,14553200.0
2018-09-18,261.0,262.7449951171875,255.89999389648438,257.0400085449219,14492900.0
2018-09-19,258.5,259.7699890136719,248.64999389648438,249.9550018310547,18945570.0
2018-09-21,253.0,255.6999969482422,212.46499633789062,237.94000244140625,57508800.0
2018-09-24,242.21499633789062,242.2449951171875,216.86000061035156,226.0800018310547,77981720.0
2018-09-25,223.5,233.03500366210938,218.05999755859375,229.9199981689453,55373960.0
2018-09-26,232.89999389648438,235.39500427246094,229.50999450683594,231.55499267578125,27287560.0
2018-09-27,232.33999633789062,232.33999633789062,219.21499633789062,220.4199981689453,27962940.0
2018-09-28,223.1999969482422,224.8000030517578,211.6999969482422,216.8000030517578,38310960.0
2018-10-01,216.8000030517578,223.3350067138672,205.22000122070312,220.85000610351562,48217720.0
2018-10-03,220.0,232.9949951171875,216.60499572753906,223.22000122070312,55677010.0
2018-10-04,216.89999389648438,221.1999969482422,211.85499572753906,217.9149932861328,40027180.0
2018-10-05,216.0,221.4600067138672,196.3249969482422,202.3300018310547,34704410.0
2018-10-08,199.1999969482422,209.0,191.22000122070312,197.48500061035156,59666690.0
2018-10-09,197.5,211.5850067138672,194.76499938964844,206.0850067138672,48590160.0
2018-10-10,210.0,230.57000732421875,210.0,227.09500122070312,72359570.0
2018-10-11,210.0,223.0,206.0,216.2100067138672,54670860.0
2018-10-12,222.72500610351562,232.0,222.72500610351562,228.73500061035156,36655770.0
2018-10-15,231.97500610351562,231.97500610351562,226.11000061035156,230.6199951171875,24354130.0
2018-10-16,232.5,236.1999969482422,228.52499389648438,230.88499450683594,25284840.0
2018-10-17,234.0,236.9250030517578,213.28500366210938,215.0500030517578,38119850.0
2018-10-19,215.0,219.8000030517578,205.39500427246094,214.0500030517578,42867900.0
2018-10-22,218.8000030517578,221.89500427246094,209.10000610351562,211.53500366210938,36819460.0
2018-10-23,209.5,215.53500366210938,199.7550048828125,208.3350067138672,90647750.0
2018-10-24,217.5,233.89999389648438,216.0,231.17999267578125,103572950.0
2018-10-25,228.5,234.8000030517578,225.67999267578125,233.5,52011590.0
2018-10-26,232.9949951171875,237.67999267578125,227.85000610351562,233.88999938964844,37958310.0
2018-10-29,233.88999938964844,239.1999969482422,231.5,238.0449981689453,22011450.0
2018-10-30,239.5,242.38999938964844,235.03500366210938,235.63499450683594,22022300.0
2018-10-31,236.77999877929688,239.1999969482422,230.69000244140625,238.2550048828125,28088120.0
2018-11-01,239.14500427246094,243.5,237.2449951171875,241.80999755859375,25521340.0
2018-11-02,244.3000030517578,247.49000549316406,236.5,238.3300018310547,23671170.0
2018-11-05,239.0,240.89999389648438,233.27000427246094,235.94000244140625,16259990.0
2018-11-06,237.0,238.99000549316406,233.23500061035156,233.97500610351562,13686820.0
2018-11-07,236.0,236.4499969482422,234.3699951171875,234.83999633789062,1714670.0
2018-11-09,234.96499633789062,238.38499450683594,233.8249969482422,237.53500366210938,13278460.0
2018-11-12,237.53500366210938,238.5,227.0,227.75999450683594,14796780.0
2018-11-13,227.0,230.8350067138672,223.30999755859375,228.5,22977100.0
2018-11-14,229.89999389648438,231.5,226.5,229.39500427246094,14561460.0
2018-11-15,228.6999969482422,234.8000030517578,228.50999450683594,234.1300048828125,15771150.0
2018-11-16,234.1999969482422,241.72000122070312,234.0,240.2100067138672,19188730.0
2018-11-19,242.0,242.22999572753906,235.02999877929688,236.09500122070312,13577950.0
2018-11-20,236.5,239.2949981689453,234.5749969482422,238.00999450683594,12377020.0
2018-11-21,238.89999389648438,243.5,236.1699981689453,243.05499267578125,15147250.0
2018-11-22,243.1999969482422,245.47999572753906,236.0,238.14999389648438,16042790.0
2018-11-26,240.0,241.19000244140625,234.69500732421875,239.4600067138672,13914340.0
2018-11-27,239.5,243.99000549316406,237.5,243.5449981689453,15949550.0
2018-11-28,244.59500122070312,244.89999389648438,239.625,241.2550048828125,13962600.0
2018-11-29,243.5,251.75999450683594,241.68499755859375,250.64999389648438,28612840.0
2018-11-30,253.8000030517578,256.44000244140625,250.7050018310547,253.77000427246094,27373410.0
2018-12-03,254.8000030517578,255.55499267578125,249.0749969482422,250.86500549316406,11155920.0
2018-12-04,250.89999389648438,254.89999389648438,249.5,254.35499572753906,13295870.0
2018-12-05,253.99000549316406,253.99000549316406,247.02999877929688,249.41000366210938,13270310.0
2018-12-06,248.10000610351562,249.39999389648438,241.8000030517578,243.24000549316406,13174720.0
2018-12-07,244.3000030517578,249.77499389648438,241.46499633789062,248.63499450683594,14787200.0
2018-12-10,241.0449981689453,244.38999938964844,238.23500061035156,239.55499267578125,13998940.0
2018-12-11,236.0,244.64999389648438,233.2100067138672,242.6750030517578,21892780.0
2018-12-12,244.5,251.49000549316406,243.43499755859375,249.39500427246094,16831970.0
2018-12-13,251.02000427246094,252.89500427246094,247.5,248.91000366210938,17131610.0
2018-12-14,248.8249969482422,251.1999969482422,246.4250030517578,248.63499450683594,12043790.0
2018-12-17,249.86000061035156,250.99000549316406,246.625,247.44000244140625,10196020.0
2018-12-18,246.97000122070312,253.82000732421875,244.66000366210938,253.22000122070312,16531070.0
2018-12-19,255.0800018310547,262.9100036621094,255.01499938964844,259.69000244140625,29463140.0
2018-12-20,256.0,260.989990234375,253.16000366210938,259.1400146484375,14670280.0
2018-12-21,261.5,262.3900146484375,253.27000427246094,259.125,30424640.0
2018-12-24,259.3999938964844,260.4849853515625,255.3000030517578,256.489990234375,10500170.0
2018-12-26,256.0,258.2950134277344,250.3699951171875,256.739990234375,16620680.0
2018-12-27,259.885009765625,262.67498779296875,257.0,258.7149963378906,16263010.0
2018-12-28,260.29998779296875,264.3800048828125,258.5950012207031,263.4800109863281,19015810.0
2018-12-31,265.69500732421875,266.6300048828125,263.55999755859375,264.5150146484375,14533270.0
2019-01-01,264.5,266.3999938964844,261.2099914550781,265.68499755859375,9178720.0
2019-01-02,263.510009765625,266.20001220703125,260.19000244140625,261.4049987792969,13049150.0
2019-01-03,261.20001220703125,264.79998779296875,257.5299987792969,258.6199951171875,12824780.0
2019-01-04,260.1000061035156,261.19000244140625,256.364990234375,257.6050109863281,10510210.0
2019-01-07,260.1000061035156,260.5,254.53500366210938,255.36000061035156,10243280.0
2019-01-08,256.0,258.20001220703125,252.5050048828125,253.7050018310547,12333790.0
2019-01-09,254.60000610351562,255.97999572753906,251.0,252.43499755859375,10939920.0
2019-01-10,252.60000610351562,254.2449951171875,250.47000122070312,251.46499633789062,9108390.0
2019-01-11,251.60000610351562,253.0,248.8000030517578,251.4199981689453,8182180.0
2019-01-14,251.59500122070312,255.2899932861328,248.4149932861328,254.47999572753906,10215040.0
2019-01-15,255.10000610351562,261.29998779296875,255.10000610351562,260.4200134277344,14663030.0
2019-01-16,259.8399963378906,261.2149963378906,256.2799987792969,256.9849853515625,9525970.0
2019-01-17,257.3999938964844,258.6549987792969,252.7050018310547,253.58999633789062,9941830.0
2019-01-18,254.5,255.5,252.50999450683594,254.2899932861328,7537750.0
2019-01-21,254.8000030517578,260.6000061035156,252.66000366210938,259.4200134277344,13321590.0
2019-01-22,258.5,263.5,257.5,262.19000244140625,14747130.0
2019-01-23,261.8999938964844,265.29998779296875,261.1000061035156,263.43499755859375,9925040.0
2019-01-24,263.8999938964844,265.3500061035156,260.30999755859375,263.56500244140625,7538560.0
2019-01-25,264.8999938964844,266.1000061035156,258.5,259.9549865722656,9169270.0
2019-01-28,261.0,261.0,235.5,245.85000610351562,23640470.0
2019-01-29,246.8000030517578,257.010009765625,237.1649932861328,251.55499267578125,61188330.0
2019-01-30,258.0,262.3699951171875,254.60000610351562,259.54998779296875,38797070.0
2019-01-31,260.79998779296875,260.79998779296875,252.60000610351562,257.4849853515625,20834180.0
2019-02-01,257.5,268.7900085449219,257.5,262.8399963378906,21177680.0
2019-02-04,261.0,262.3550109863281,257.2200012207031,259.44500732421875,9421130.0
2019-02-05,260.0,264.2099914550781,259.3949890136719,260.3599853515625,10108170.0
2019-02-06,261.8999938964844,272.0,261.2099914550781,271.125,17984610.0
2019-02-07,272.5,273.1000061035156,268.4100036621094,269.6600036621094,17605800.0
2019-02-08,267.0,273.7449951171875,267.0,270.7149963378906,15107850.0
2019-02-11,272.4700012207031,272.4700012207031,263.5,265.7200012207031,11947020.0
2019-02-12,266.79998779296875,267.7149963378906,261.6300048828125,262.17999267578125,12003700.0
2019-02-14,257.9949951171875,262.20001220703125,255.69000244140625,260.9200134277344,12141260.0
2019-02-15,261.0,261.0,250.60000610351562,256.1099853515625,16406960.0
2019-02-18,254.80499267578125,256.1000061035156,251.2449951171875,254.94500732421875,11545200.0
2019-02-19,255.10000610351562,260.69500732421875,254.5,255.97999572753906,11483390.0
2019-02-20,258.5,261.4800109863281,257.1000061035156,260.614990234375,10381270.0
2019-02-21,261.0,266.0,259.30499267578125,265.4700012207031,11398230.0
2019-02-22,265.2550048828125,267.3999938964844,263.239990234375,264.0400085449219,8256720.0
2019-02-25,263.8999938964844,267.5,261.375,265.7749938964844,10240400.0
2019-02-26,263.7300109863281,267.79998779296875,260.0,265.7749938964844,16189960.0
2019-02-27,267.0,269.6650085449219,262.5,264.20001220703125,11478390.0
2019-02-28,266.6600036621094,266.70001220703125,263.0,264.8999938964844,11368430.0
2019-03-01,266.3299865722656,267.42999267578125,264.0,266.07501220703125,7070940.0
2019-03-05,265.5,270.8349914550781,264.4599914550781,269.5150146484375,8473070.0
2019-03-06,271.5,277.4200134277344,270.0,276.6700134277344,15434240.0
2019-03-07,277.4949951171875,278.2300109863281,272.5,273.4800109863281,8598510.0
2019-03-08,272.489990234375,277.8999938964844,271.6600036621094,276.8299865722656,11780870.0
2019-03-11,276.8999938964844,280.7950134277344,276.8999938964844,279.1050109863281,11690750.0
2019-03-12,280.8800048828125,281.6650085449219,274.54998779296875,275.30499267578125,13853350.0
2019-03-13,276.0,283.7950134277344,274.885009765625,282.81500244140625,15492960.0
2019-03-14,283.20001220703125,283.5,278.7099914550781,280.80999755859375,8960550.0
2019-03-15,281.8800048828125,289.8999938964844,281.5,286.07501220703125,20915620.0
2019-03-18,287.20001220703125,294.1099853515625,284.5,292.9549865722656,18199860.0
2019-03-19,293.0,296.2900085449219,291.0050048828125,292.0899963378906,14805650.0
2019-03-20,292.4800109863281,293.4549865722656,285.7799987792969,286.8599853515625,14068620.0
2019-03-22,286.79998779296875,289.54998779296875,281.6000061035156,283.6650085449219,12508760.0
2019-03-25,280.3999938964844,286.20001220703125,280.1000061035156,284.9800109863281,10667570.0
2019-03-26,286.0,294.20001220703125,285.8999938964844,293.43499755859375,15706370.0
2019-03-27,295.0,301.4150085449219,293.25,294.5249938964844,24196560.0
2019-03-28,294.010009765625,300.0,294.0050048828125,299.5849914550781,13669450.0
2019-04-01,303.0199890136719,304.6400146484375,299.1000061035156,300.1449890136719,11090000.0
2019-04-02,302.4800109863281,307.70001220703125,299.8349914550781,305.5199890136719,11362380.0
2019-04-03,307.29998779296875,308.8999938964844,303.81500244140625,304.6000061035156,10527520.0
2019-04-04,306.0,306.5,301.7449951171875,303.94500732421875,7727760.0
2019-04-05,304.79998779296875,312.5,304.6099853515625,311.4200134277344,12444080.0
2019-04-08,312.29998779296875,313.0,301.79998779296875,302.4100036621094,16421890.0
2019-04-09,301.6549987792969,304.9100036621094,297.94500732421875,300.8699951171875,17333240.0
2019-04-10,301.1099853515625,303.70001220703125,298.6000061035156,299.8349914550781,9948990.0
2019-04-11,300.79998779296875,305.5,299.20001220703125,304.7850036621094,10167120.0
2019-04-12,305.20001220703125,306.20001220703125,300.1300048828125,300.8800048828125,10481380.0
2019-04-15,302.8599853515625,303.29998779296875,300.19500732421875,302.2250061035156,6516340.0
2019-04-16,301.79998779296875,305.7300109863281,301.79998779296875,303.25,10214780.0
2019-04-18,303.8699951171875,304.6000061035156,299.5,301.44500732421875,6588260.0
2019-04-22,301.0,301.0,297.5,299.125,6621570.0
2019-04-23,299.20001220703125,305.8500061035156,298.7049865722656,303.5050048828125,9919680.0
2019-04-24,303.5,309.8999938964844,303.20001220703125,309.30499267578125,9905800.0
2019-04-25,309.9800109863281,311.44000244140625,307.2650146484375,308.1000061035156,12405640.0
2019-04-26,308.8999938964844,310.5,304.5,309.68499755859375,6138070.0
2019-04-30,309.20001220703125,312.0,304.0,309.5950012207031,9009680.0
2019-05-02,309.5,314.8949890136719,306.0,313.17498779296875,8958300.0
2019-05-03,313.010009765625,316.5,310.2300109863281,311.18499755859375,7307280.0
2019-05-06,306.6000061035156,309.3999938964844,302.6000061035156,303.42999267578125,9664870.0
2019-05-07,305.2900085449219,306.9800109863281,300.760009765625,301.7049865722656,9702640.0
2019-05-08,301.20001220703125,301.70001220703125,290.0,292.1300048828125,11550230.0
2019-05-09,290.0,299.17999267578125,288.5,297.135009765625,17452340.0
2019-05-10,297.010009765625,299.6000061035156,290.0,292.2850036621094,16300890.0
2019-05-13,292.989990234375,295.7950134277344,290.6000061035156,293.18499755859375,13562290.0
2019-05-14,292.7950134277344,294.19500732421875,284.80999755859375,288.18499755859375,18617600.0
2019-05-15,292.1000061035156,302.32501220703125,287.0799865722656,300.2749938964844,24536700.0
2019-05-16,301.3999938964844,312.8999938964844,301.0249938964844,311.0050048828125,36446720.0
2019-05-17,313.70001220703125,331.6000061035156,312.2049865722656,330.1099853515625,58487160.0
2019-05-20,339.0,344.4549865722656,334.29998779296875,340.7550048828125,27248590.0
2019-05-21,341.80499267578125,348.79998779296875,337.5,343.3299865722656,28849970.0
2019-05-22,344.20001220703125,345.9549865722656,339.80499267578125,344.8900146484375,15668120.0
2019-05-23,349.5,351.79998779296875,335.56500244140625,337.7749938964844,24062050.0
2019-05-24,340.0,347.5,339.1300048828125,346.7900085449219,15685230.0
2019-05-27,348.0,348.4949951171875,344.0,344.8999938964844,9320000.0
2019-05-28,346.79998779296875,346.81500244140625,338.67498779296875,340.9800109863281,16277680.0
2019-05-29,340.29998779296875,343.29998779296875,338.45001220703125,340.92498779296875,9212780.0
2019-05-30,340.8900146484375,348.9700012207031,340.0050048828125,348.1650085449219,11751110.0
2019-05-31,349.7449951171875,353.1000061035156,344.8699951171875,346.7099914550781,21728660.0
2019-06-03,346.0,352.989990234375,346.0,351.1050109863281,12411330.0
2019-06-04,351.45001220703125,355.0,350.9549865722656,353.114990234375,10514000.0
2019-06-06,353.29998779296875,353.29998779296875,344.5450134277344,345.2950134277344,13149160.0
2019-06-07,345.31500244140625,351.8999938964844,341.9949951171875,350.94500732421875,12850440.0
2019-06-10,354.69500732421875,355.7749938964844,350.6000061035156,351.9599914550781,9832740.0
2019-06-11,353.70001220703125,356.3999938964844,351.125,355.18499755859375,9031550.0
2019-06-12,353.9949951171875,353.9949951171875,348.20001220703125,350.5849914550781,12144700.0
2019-06-13,350.5,355.1000061035156,350.0,354.45001220703125,8803180.0
2019-06-14,355.3949890136719,356.9800109863281,350.1000061035156,351.8399963378906,8646410.0
2019-06-17,352.8999938964844,352.9800109863281,345.6000061035156,346.6499938964844,9534600.0
2019-06-18,347.3999938964844,353.0,346.9049987792969,350.92999267578125,10835270.0
2019-06-19,353.8999938964844,354.79998779296875,350.010009765625,352.54998779296875,8739410.0
2019-06-20,351.8999938964844,358.8999938964844,350.739990234375,358.2550048828125,11070050.0
2019-06-21,359.7099914550781,359.8999938964844,355.0,356.5849914550781,10582660.0
2019-06-24,356.20001220703125,357.989990234375,353.30499267578125,354.5350036621094,5437030.0
2019-06-25,354.5350036621094,358.6000061035156,353.0350036621094,357.9849853515625,8278690.0
2019-06-26,356.9849853515625,363.5,356.29998779296875,362.7950134277344,9788060.0
2019-06-27,363.5,365.8999938964844,362.010009765625,364.2200012207031,11351420.0
2019-06-28,365.2449951171875,369.32501220703125,362.9700012207031,368.1099853515625,12000360.0
2019-07-01,368.8699951171875,371.6000061035156,368.5,369.8999938964844,9138840.0
2019-07-02,369.8999938964844,372.0,367.0050048828125,371.1099853515625,7064780.0
2019-07-03,371.3999938964844,373.0299987792969,369.5,371.5400085449219,6050400.0
2019-07-04,373.0,374.989990234375,370.5150146484375,373.25,7436160.0
2019-07-05,373.3999938964844,376.20001220703125,370.6449890136719,371.9150085449219,7762800.0
2019-07-08,372.4949951171875,372.4949951171875,337.5,341.3299865722656,38571320.0
2019-07-09,341.0,362.5,333.6400146484375,360.30999755859375,51961250.0
2019-07-10,359.9949951171875,359.9949951171875,341.20001220703125,342.9049987792969,29095840.0
2019-07-11,346.0,352.56500244140625,336.6549987792969,345.1050109863281,27122410.0
2019-07-12,347.0,347.0,336.6000061035156,337.75,26966780.0
2019-07-15,339.8500061035156,344.0,335.3599853515625,341.2099914550781,16180730.0
2019-07-16,343.3399963378906,346.489990234375,340.6050109863281,344.8699951171875,16858560.0
2019-07-17,344.0,348.17498779296875,344.0,346.3299865722656,9155470.0
2019-07-18,346.0,352.0,344.3999938964844,346.7650146484375,13204640.0
2019-07-19,347.6000061035156,350.125,326.30999755859375,332.30999755859375,30339090.0
2019-07-22,331.6000061035156,331.6000061035156,316.4649963378906,324.6600036621094,36920230.0
2019-07-23,325.70001220703125,329.7349853515625,320.81500244140625,327.69000244140625,22236910.0
2019-07-24,327.4100036621094,329.3999938964844,313.5,317.3550109863281,27679890.0
2019-07-25,319.8900146484375,324.3399963378906,299.6199951171875,304.6499938964844,102905770.0
2019-07-26,304.6499938964844,327.79998779296875,299.3999938964844,326.4599914550781,69450800.0
2019-07-29,327.2749938964844,330.0,318.0,325.2650146484375,34784730.0
2019-07-30,326.0,329.8999938964844,323.1300048828125,324.9949951171875,22849050.0
2019-07-31,323.30499267578125,326.7650146484375,316.010009765625,325.2049865722656,24381300.0
2019-08-01,323.1000061035156,326.1000061035156,317.3999938964844,322.2099914550781,18925160.0
2019-08-02,318.8999938964844,328.7550048828125,312.0,323.7900085449219,33560190.0
2019-08-05,319.9800109863281,319.9800109863281,314.29998779296875,316.0050048828125,20133710.0
2019-08-06,316.0050048828125,328.70001220703125,315.31500244140625,327.2250061035156,20051390.0
2019-08-07,327.5,332.5,325.2300109863281,326.5799865722656,23989100.0
2019-08-08,329.0,336.0,326.1000061035156,333.4700012207031,15877420.0
2019-08-09,335.9949951171875,344.9599914550781,334.0,341.9700012207031,21017570.0
2019-08-13,341.9700012207031,342.3999938964844,320.80499267578125,322.18499755859375,19006940.0
2019-08-14,326.9949951171875,332.989990234375,324.5,328.9949951171875,27702370.0
2019-08-16,328.05999755859375,335.8900146484375,325.3349914550781,333.7200012207031,17581540.0
2019-08-19,336.489990234375,337.8999938964844,331.1000061035156,332.80499267578125,14328420.0
2019-08-20,332.70001220703125,333.44000244140625,323.5249938964844,329.4100036621094,16887170.0
2019-08-21,328.989990234375,332.19500732421875,324.6199951171875,326.1449890136719,15528010.0
2019-08-22,325.8999938964844,325.8999938964844,309.8450012207031,311.4100036621094,25061940.0
2019-08-23,311.79998779296875,320.0,299.79998779296875,317.43499755859375,31437870.0
2019-08-26,327.3999938964844,333.8800048828125,318.30499267578125,332.42498779296875,29500170.0
2019-08-27,335.20001220703125,339.79998779296875,334.010009765625,335.7749938964844,22259370.0
2019-08-28,334.8800048828125,336.2650146484375,329.67498779296875,332.635009765625,12509150.0
2019-08-29,332.3699951171875,333.0,327.6000061035156,329.92999267578125,15299260.0
2019-08-30,331.0150146484375,334.70001220703125,326.0,333.25,21189530.0
2019-09-03,330.29998779296875,331.5,323.4200134277344,325.8500061035156,11997260.0
2019-09-04,326.70001220703125,327.43499755859375,320.79998779296875,325.0249938964844,18793490.0
2019-09-05,328.6000061035156,330.5,324.2799987792969,329.2699890136719,15012260.0
2019-09-06,333.0,338.79998779296875,329.79998779296875,337.29998779296875,17008940.0
2019-09-09,337.3999938964844,345.0,335.2149963378906,343.7349853515625,18025510.0
2019-09-11,344.5350036621094,345.6000061035156,338.5299987792969,341.6400146484375,13011120.0
2019-09-12,340.25,342.8999938964844,337.05999755859375,338.2349853515625,11640860.0
2019-09-13,338.8999938964844,343.6000061035156,337.25,342.7349853515625,13283630.0
2019-09-16,339.5,344.9949951171875,338.2300109863281,341.885009765625,11797670.0
2019-09-17,342.4949951171875,343.3999938964844,335.3999938964844,336.8399963378906,13618720.0
2019-09-18,340.70001220703125,346.45001220703125,338.8500061035156,341.385009765625,18536680.0
2019-09-19,342.6000061035156,342.6400146484375,334.0299987792969,336.2049865722656,12376920.0
2019-09-20,338.5299987792969,375.0,328.2650146484375,370.2200012207031,56480860.0
2019-09-23,382.0,407.0,376.3900146484375,402.375,40110020.0
2019-09-24,402.5,402.5,392.70001220703125,396.17498779296875,21896040.0
2019-09-25,396.0,399.8900146484375,389.0,393.0899963378906,24147290.0
2019-09-26,395.5,401.5,394.510009765625,400.0799865722656,23881650.0
2019-09-27,400.6000061035156,408.5,399.0,405.739990234375,20244780.0
2019-09-30,406.5899963378906,411.17498779296875,403.1000061035156,404.6050109863281,22563610.0
2019-10-01,408.0,408.9100036621094,394.6300048828125,399.239990234375,16155060.0
2019-10-03,398.5,400.4949951171875,393.18499755859375,395.9800109863281,12458400.0
2019-10-04,397.8999938964844,400.3999938964844,389.2300109863281,390.3949890136719,14782660.0
2019-10-07,388.0,395.82501220703125,381.94500732421875,390.0899963378906,14061520.0
2019-10-09,391.5,403.5,388.0050048828125,402.3900146484375,13566000.0
2019-10-10,401.364990234375,401.5,393.1000061035156,394.8900146484375,11027880.0
2019-10-11,397.8999938964844,401.5,392.5,397.32000732421875,16238660.0
2019-10-14,398.79998779296875,400.6300048828125,385.30499267578125,388.3299865722656,17683520.0
2019-10-15,389.5,391.6000061035156,384.29998779296875,387.94500732421875,13948940.0
2019-10-16,391.0,403.20001220703125,390.0,401.6400146484375,23817690.0
2019-10-17,402.0050048828125,411.7200012207031,400.1000061035156,410.67999267578125,21035930.0
2019-10-18,410.0,419.8999938964844,408.0,413.7650146484375,18362130.0
2019-10-22,416.5,421.9849853515625,400.010009765625,403.4150085449219,50347550.0
2019-10-23,408.9949951171875,411.0,396.79998779296875,403.8349914550781,24422490.0
2019-10-24,406.20001220703125,408.0,401.2550048828125,402.614990234375,12675570.0
2019-10-25,403.7799987792969,406.385009765625,390.0,398.7250061035156,17580980.0
2019-10-27,401.5,401.5,395.5,397.8900146484375,2146910.0
2019-10-29,399.0,406.0,396.2449951171875,404.7250061035156,13355150.0
2019-10-30,407.4949951171875,407.4949951171875,398.5,399.20001220703125,13385540.0
2019-10-31,400.4200134277344,405.0,399.5,402.7550048828125,12512200.0
2019-11-01,402.8999938964844,411.0,402.1000061035156,406.9849853515625,18756120.0
2019-11-04,408.70001220703125,417.75,407.614990234375,411.29998779296875,18631580.0
2019-11-05,417.20001220703125,425.5,413.5,422.7799987792969,29346520.0
2019-11-06,426.0,428.0,417.6650085449219,418.81500244140625,20766950.0
2019-11-07,420.4700012207031,423.9200134277344,418.82000732421875,422.5849914550781,11416030.0
2019-11-08,422.0,424.0,414.79998779296875,415.94500732421875,15096930.0
2019-11-11,416.0,418.79998779296875,414.2900085449219,416.9049987792969,7693020.0
2019-11-13,416.69000244140625,417.5,413.20001220703125,414.4549865722656,8990150.0
2019-11-14,415.79998779296875,422.1000061035156,412.0400085449219,421.05499267578125,13836290.0
2019-11-15,422.0199890136719,424.7250061035156,417.55499267578125,418.760009765625,11931710.0
2019-11-18,419.8999938964844,420.9549865722656,414.5150146484375,415.489990234375,9273640.0
2019-11-19,416.5,418.2149963378906,412.625,413.57501220703125,8295350.0
2019-11-20,414.0,418.20001220703125,412.739990234375,413.8550109863281,8138790.0
2019-11-21,414.0,416.0,411.20001220703125,412.364990234375,7028530.0
2019-11-22,413.0,414.3800048828125,404.1000061035156,407.8299865722656,12226150.0
2019-11-25,410.0,414.9150085449219,406.2300109863281,414.1700134277344,13893040.0
2019-11-26,414.5,417.3949890136719,408.70001220703125,409.8349914550781,15027270.0
2019-11-27,412.1000061035156,412.489990234375,409.5,411.8349914550781,4850640.0
2019-11-28,412.0,413.9049987792969,406.5,410.2049865722656,9697080.0
2019-11-29,409.5,413.5,406.2349853515625,407.4200134277344,8319830.0
2019-12-02,407.5,407.7349853515625,392.010009765625,395.0450134277344,20654040.0
2019-12-03,393.9949951171875,399.5,388.6499938964844,396.4549865722656,19843820.0
2019-12-04,395.79998779296875,400.4100036621094,393.5,399.0849914550781,14308300.0
2019-12-05,399.0849914550781,403.3999938964844,396.79998779296875,399.0849914550781,12553040.0
2019-12-06,401.0,402.7799987792969,392.739990234375,395.1650085449219,11713550.0
2019-12-09,396.9599914550781,397.1449890136719,388.0249938964844,394.4849853515625,12689420.0
2019-12-10,395.0,399.5,394.54998779296875,398.68499755859375,11594800.0
2019-12-11,400.1499938964844,405.5,398.4049987792969,403.67999267578125,13659810.0
2019-12-12,405.0,406.5,401.0050048828125,405.7149963378906,10870560.0
2019-12-13,407.0,408.92498779296875,404.1099853515625,407.19500732421875,8616560.0
2019-12-16,408.7950134277344,408.7950134277344,403.1549987792969,403.94500732421875,8260690.0
2019-12-17,405.69500732421875,415.5,404.69500732421875,413.57501220703125,13794840.0
2019-12-18,414.0450134277344,415.885009765625,410.1050109863281,411.93499755859375,11097750.0
2019-12-19,411.30499267578125,414.5,408.5299987792969,409.18499755859375,7361040.0
2019-12-20,410.70001220703125,414.5,408.1000061035156,413.55999755859375,10542340.0
2019-12-23,413.8599853515625,418.3999938964844,413.0,416.0,11378790.0
2019-12-24,415.79998779296875,418.07000732421875,412.56500244140625,413.95001220703125,7519790.0
2019-12-26,414.9949951171875,419.6449890136719,413.32501220703125,418.7099914550781,12650200.0
2019-12-27,419.79998779296875,426.0,419.20001220703125,425.2650146484375,11266480.0
2019-12-30,427.4849853515625,428.1549987792969,423.0,424.3299865722656,8319100.0
2019-12-31,424.70001220703125,426.6400146484375,421.8599853515625,423.4750061035156,7796080.0
2020-01-01,423.7799987792969,425.20001220703125,422.1000061035156,423.1300048828125,4070420.0
2020-01-02,424.0,429.57501220703125,423.5,424.6050109863281,8638440.0
2020-01-03,422.0,423.4800109863281,417.29998779296875,419.3450012207031,11768500.0
2020-01-06,416.3999938964844,420.3999938964844,398.3800048828125,399.6700134277344,28667350.0
2020-01-07,405.5,409.20001220703125,399.6199951171875,400.7650146484375,21490420.0
2020-01-08,395.0,406.0350036621094,395.0,404.9949951171875,16305760.0
2020-01-09,410.5899963378906,414.79998779296875,408.0,412.4200134277344,14193880.0
2020-01-10,413.010009765625,418.5899963378906,411.79998779296875,414.4849853515625,11066240.0
2020-01-13,416.79998779296875,418.2250061035156,414.6000061035156,416.45001220703125,6451520.0
2020-01-14,417.0,420.239990234375,415.0450134277344,419.29998779296875,7034340.0
2020-01-15,418.9949951171875,422.0,417.0050048828125,420.7250061035156,6169760.0
2020-01-16,419.0,422.9949951171875,418.79998779296875,422.0249938964844,5787280.0
2020-01-17,421.70001220703125,424.20001220703125,420.20001220703125,423.17498779296875,6711290.0
2020-01-20,422.8999938964844,425.2950134277344,412.5150146484375,415.260009765625,8486390.0
2020-01-21,414.9949951171875,418.6099853515625,411.7049865722656,413.8599853515625,8979220.0
2020-01-22,418.6000061035156,418.6499938964844,412.3349914550781,414.2200012207031,7979010.0
2020-01-23,412.29998779296875,416.385009765625,408.5,412.5799865722656,11545220.0
2020-01-24,412.0,420.56500244140625,411.1000061035156,419.45001220703125,8648920.0
2020-01-27,417.3999938964844,420.79998779296875,415.3999938964844,416.43499755859375,7821550.0
2020-01-28,415.0150146484375,424.8999938964844,415.0150146484375,421.29998779296875,10527640.0
2020-01-29,424.489990234375,444.3999938964844,421.510009765625,441.8999938964844,45814130.0
2020-01-30,446.3999938964844,448.5,434.4849853515625,436.42999267578125,35777740.0
2020-01-31,437.0,442.010009765625,433.3800048828125,436.5899963378906,17369270.0
2020-02-03,425.0199890136719,437.69000244140625,425.0199890136719,435.93499755859375,10941810.0
2020-02-04,438.7950134277344,455.0,437.7149963378906,451.92498779296875,19583230.0
2020-02-05,451.5,453.9949951171875,447.7650146484375,452.82000732421875,12856310.0
2020-02-06,452.82000732421875,467.7850036621094,452.5,466.635009765625,18464770.0
2020-02-07,466.3949890136719,468.69000244140625,462.6099853515625,465.42999267578125,9503260.0
2020-02-10,466.0,473.3999938964844,464.0,472.17498779296875,11608790.0
2020-02-11,473.70001220703125,478.5,473.6000061035156,474.93499755859375,11674290.0
2020-02-12,477.0,478.2200012207031,472.20001220703125,476.8699951171875,8829640.0
2020-02-13,476.6000061035156,480.05999755859375,473.5,479.5350036621094,6810390.0
2020-02-14,480.0,481.5,476.79998779296875,478.17498779296875,7311180.0
2020-02-17,478.17498779296875,479.79998779296875,475.0050048828125,477.6650085449219,7164840.0
2020-02-18,476.94000244140625,477.19500732421875,470.1600036621094,475.79998779296875,7286110.0
2020-02-19,478.5,488.70001220703125,478.010009765625,487.80499267578125,11720490.0
2020-02-20,486.7900085449219,492.3399963378906,485.375,488.0450134277344,16346430.0
2020-02-24,484.0,487.6000061035156,475.1199951171875,480.3949890136719,12633890.0
2020-02-25,484.989990234375,484.989990234375,478.3999938964844,482.5950012207031,9593090.0
2020-02-26,481.5,483.7749938964844,476.7250061035156,481.0,8513460.0
2020-02-27,481.5,481.5,471.2099914550781,475.9800109863281,11748700.0
2020-02-28,464.0,464.0,431.17498779296875,446.5849914550781,49414100.0
2020-03-02,460.0,461.7950134277344,430.56500244140625,436.07501220703125,22382160.0
2020-03-03,440.0,447.4949951171875,432.0050048828125,445.4100036621094,20235030.0
2020-03-04,446.6000061035156,449.67999267578125,422.5,428.6400146484375,24729910.0
2020-03-05,431.0,436.7550048828125,427.31500244140625,433.07000732421875,18332950.0
2020-03-06,412.5,423.79998779296875,403.6499938964844,422.5849914550781,33122380.0
2020-03-09,407.0,412.75,394.5150146484375,402.67999267578125,35456270.0
2020-03-11,401.3999938964844,411.8900146484375,398.5,403.06500244140625,27936830.0
2020-03-12,386.0,386.9949951171875,362.80999755859375,373.43499755859375,52726190.0
2020-03-13,344.0,404.3500061035156,328.1050109863281,395.2550048828125,48499170.0
2020-03-16,383.3450012207031,383.3450012207031,360.0,367.2250061035156,31404670.0
2020-03-17,370.2099914550781,373.4700012207031,340.20001220703125,344.4849853515625,25585480.0
2020-03-18,349.0,353.0,301.8900146484375,306.135009765625,54435800.0
2020-03-19,280.0,305.30499267578125,248.47000122070312,274.6099853515625,83247130.0
2020-03-20,279.9849853515625,304.3999938964844,262.1650085449219,295.19000244140625,61101890.0
2020-03-23,265.67498779296875,270.0,222.5,226.61500549316406,48442350.0
2020-03-24,247.1999969482422,256.864990234375,210.46499633789062,247.4199981689453,62572210.0
2020-03-25,245.0,270.0,240.0,258.55999755859375,62263550.0
2020-03-26,263.7300109863281,293.6499938964844,256.5050048828125,279.3699951171875,50961240.0
2020-03-27,295.5,304.0,250.0,254.22999572753906,71706090.0
2020-03-30,239.0050048828125,241.44000244140625,222.60000610351562,224.2100067138672,76983550.0
2020-03-31,230.50999450683594,234.0,210.0,221.5800018310547,110431110.0
2020-04-01,218.0,228.69000244140625,213.26499938964844,221.93499755859375,64083010.0
2020-04-03,226.8800048828125,234.3699951171875,218.30499267578125,220.75,61726720.0
2020-04-07,224.5,228.60000610351562,208.14999389648438,225.3350067138672,111614780.0
2020-04-08,218.39999389648438,237.39999389648438,214.4149932861328,233.2899932861328,91093390.0
2020-04-09,239.10000610351562,256.614990234375,236.7100067138672,255.18499755859375,71932460.0
2020-04-13,252.0,252.0,226.59500122070312,228.72999572753906,81831990.0
2020-04-15,234.5,236.8000030517578,216.83999633789062,218.2449951171875,93336280.0
2020-04-16,214.5,225.0,212.1999969482422,222.0,72467400.0
2020-04-17,235.5,237.58999633789062,223.52000427246094,230.81500244140625,101915460.0
2020-04-20,232.5,234.5500030517578,226.5,230.8249969482422,54031770.0
2020-04-21,221.0,221.0,208.5,209.97500610351562,73839850.0
2020-04-22,205.9949951171875,217.0,202.23500061035156,214.8249969482422,90627230.0
2020-04-23,216.0,221.91000366210938,211.1999969482422,217.2449951171875,71440060.0
2020-04-24,211.35000610351562,211.35000610351562,197.0050048828125,197.625,104944510.0
2020-04-27,200.0,208.5,191.56500244140625,204.40499877929688,144952470.0
2020-04-28,208.10000610351562,224.41000366210938,203.5,222.80999755859375,147563440.0
2020-04-29,220.0050048828125,237.5,220.0050048828125,229.64500427246094,150601540.0
2020-04-30,236.5050048828125,241.89500427246094,229.11500549316406,231.80999755859375,88833050.0
2020-05-04,220.0,220.22000122070312,202.85499572753906,207.96499633789062,73127450.0
2020-05-05,213.0,213.5,199.6999969482422,200.23500061035156,115212090.0
2020-05-06,201.0,213.19000244140625,195.23500061035156,210.625,131496960.0
2020-05-07,209.89500427246094,216.98500061035156,204.8350067138672,206.05499267578125,77702040.0
2020-05-08,213.0,213.0,201.5,202.4149932861328,69663750.0
2020-05-11,207.0,209.27000427246094,199.52999877929688,201.5050048828125,76549900.0
2020-05-12,198.97000122070312,208.0,197.7100067138672,206.97000122070312,103365270.0
2020-05-13,222.0,223.9949951171875,214.5,216.10499572753906,94411850.0
2020-05-14,215.89999389648438,225.89500427246094,209.67999267578125,211.1999969482422,143075310.0
2020-05-15,211.9949951171875,213.66000366210938,205.60000610351562,208.64500427246094,80267260.0
2020-05-18,209.0,209.34500122070312,192.60000610351562,193.86000061035156,108205710.0
2020-05-19,196.0,200.35499572753906,192.22000122070312,196.4949951171875,94135140.0
2020-05-20,197.0,206.0,193.5,204.27999877929688,163185080.0
2020-05-21,205.89999389648438,207.7550048828125,197.4499969482422,199.02000427246094,98795420.0
2020-05-22,197.5,200.6999969482422,186.52499389648438,189.52999877929688,161950940.0
2020-05-26,191.8000030517578,193.375,182.15499877929688,182.89999389648438,98692950.0
2020-05-27,183.0,194.60000610351562,178.3000030517578,193.64500427246094,173352460.0
2020-05-28,195.39999389648438,198.3000030517578,192.6999969482422,194.77000427246094,90517750.0
2020-05-29,191.39999389648438,198.0,189.10000610351562,195.36500549316406,103618470.0
2020-06-01,199.7050018310547,222.63999938964844,199.7050018310547,216.0850067138672,189159830.0
2020-06-02,216.52499389648438,237.5,216.0850067138672,234.6199951171875,234424700.0
2020-06-03,241.6999969482422,249.68499755859375,239.8000030517578,241.19000244140625,187051760.0
2020-06-04,241.39999389648438,245.36500549316406,227.67999267578125,231.30499267578125,163153500.0
2020-06-05,234.39999389648438,240.89999389648438,227.5,239.03500366210938,158500390.0
2020-06-08,250.5,254.77000427246094,247.55499267578125,250.72500610351562,149925030.0
2020-06-09,253.5,253.5,241.52999877929688,244.36000061035156,123730770.0
2020-06-10,244.0,247.0,240.10000610351562,243.56500244140625,89614430.0
2020-06-11,241.0,245.89999389648438,232.00999450683594,233.88999938964844,100427670.0
2020-06-12,220.0,247.0,219.89999389648438,245.01499938964844,168024570.0
2020-06-15,242.0,242.9949951171875,233.10000610351562,235.13999938964844,120703460.0
2020-06-16,245.1999969482422,245.5399932861328,228.5,236.5,129143510.0
2020-06-17,234.6999969482422,242.5,233.2050018310547,239.60000610351562,96502790.0
2020-06-18,237.5,254.1699981689453,237.3000030517578,252.59500122070312,127382680.0
2020-06-19,256.20001220703125,271.4549865722656,256.0,269.8599853515625,186038260.0
2020-06-22,274.0,286.3599853515625,272.79998779296875,284.0299987792969,139393260.0
2020-06-23,289.9949951171875,310.92498779296875,283.29998779296875,302.54998779296875,161869530.0
2020-06-24,312.5,312.5,291.1000061035156,293.44500732421875,201088070.0
2020-06-25,287.80499267578125,304.6000061035156,285.1000061035156,300.5350036621094,159821300.0
2020-06-26,304.25,305.8800048828125,287.2049865722656,290.3500061035156,125724990.0
2020-06-29,283.3999938964844,289.44500732421875,277.0,285.7950134277344,116139990.0
2020-06-30,291.0,293.6650085449219,281.6000061035156,283.1000061035156,97030570.0
2020-07-01,283.1000061035156,296.8699951171875,280.6000061035156,295.3900146484375,127048960.0
2020-07-02,298.0,301.6000061035156,292.5,296.42498779296875,116197340.0
2020-07-03,298.0,298.94500732421875,292.1000061035156,293.1499938964844,85435970.0
2020-07-06,297.0,313.4649963378906,295.5,310.8800048828125,114375830.0
2020-07-07,315.0,341.9649963378906,312.5299987792969,335.19500732421875,228764010.0
2020-07-08,335.19500732421875,340.8800048828125,318.010009765625,320.80499267578125,191261830.0
2020-07-09,323.5,337.989990234375,319.510009765625,333.0,187577860.0
2020-07-10,327.5,339.5,327.2049865722656,331.4150085449219,161504130.0
2020-07-13,336.0,337.79998779296875,321.6199951171875,323.4599914550781,131364670.0
2020-07-14,321.9800109863281,321.9800109863281,312.2349853515625,319.0950012207031,124044220.0
2020-07-15,323.0,329.7699890136719,312.2250061035156,314.92498779296875,109802620.0
2020-07-16,318.0,321.5,310.2300109863281,320.4800109863281,99999250.0
2020-07-17,321.0,332.29998779296875,320.5,330.1300048828125,84256260.0
2020-07-20,334.4949951171875,345.3949890136719,331.6499938964844,344.1499938964844,105554950.0
2020-07-21,350.0,351.95001220703125,321.864990234375,329.2449951171875,259600480.0
2020-07-22,332.0,334.0,319.3599853515625,325.29998779296875,170696590.0
2020-07-23,325.29998779296875,332.0,321.6050109863281,329.7799987792969,87180350.0
2020-07-24,324.5,329.0,322.0,325.18499755859375,66376830.0
2020-07-27,326.29998779296875,328.0,315.2200012207031,317.114990234375,70898670.0
2020-07-28,317.5,326.0,316.1199951171875,323.9599914550781,82116970.0
2020-07-29,324.5,332.8999938964844,323.9599914550781,328.42498779296875,80700220.0
2020-07-30,329.5400085449219,332.3999938964844,320.5050048828125,321.8299865722656,65082780.0
2020-07-31,323.6000061035156,327.29998779296875,318.125,325.1300048828125,72353970.0
2020-08-03,324.3999938964844,324.3999938964844,316.8999938964844,317.45001220703125,44639200.0
2020-08-04,320.20001220703125,326.0,314.2850036621094,323.55999755859375,66791450.0
2020-08-05,325.6000061035156,333.0,324.7950134277344,326.2149963378906,69853800.0
2020-08-06,329.20001220703125,337.8800048828125,325.5,334.5199890136719,81729060.0
2020-08-07,333.29998779296875,348.1449890136719,331.0,346.42999267578125,101512670.0
2020-08-10,349.3999938964844,355.68499755859375,341.32000732421875,344.2950134277344,71292450.0
2020-08-11,346.2300109863281,349.4549865722656,340.4700012207031,345.739990234375,55718180.0
2020-08-12,342.5,345.0,336.20001220703125,341.82501220703125,56625270.0
2020-08-13,345.0,347.20001220703125,340.1000061035156,341.9649963378906,46633590.0
2020-08-14,342.5,344.8800048828125,330.6199951171875,333.1099853515625,55313350.0
2020-08-17,335.0,339.95001220703125,331.239990234375,338.4800109863281,46705720.0
2020-08-18,339.8999938964844,343.7950134277344,336.6600036621094,341.989990234375,47062980.0
2020-08-19,344.70001220703125,346.5,340.1000061035156,340.9949951171875,41988490.0
2020-08-20,337.79998779296875,341.45001220703125,335.30499267578125,339.3800048828125,36774590.0
2020-08-21,343.0,344.0,338.0,338.92999267578125,26273800.0
2020-08-24,340.29998779296875,351.5,340.1050109863281,349.2049865722656,62055750.0
2020-08-25,352.5,366.0,351.0,364.2900085449219,98540590.0
2020-08-26,366.5,370.70001220703125,363.1000061035156,364.55499267578125,66650850.0
2020-08-27,365.69500732421875,366.8399963378906,359.6400146484375,363.25,46110620.0
2020-08-28,365.0,368.79998779296875,361.7049865722656,367.0799865722656,42513280.0
2020-08-31,371.5,374.9849853515625,346.5,348.7799987792969,85297660.0
2020-09-01,351.70001220703125,367.3999938964844,350.0199890136719,364.385009765625,60651820.0
2020-09-02,364.2699890136719,368.0,357.3450012207031,366.864990234375,42810110.0
2020-09-03,366.79998779296875,367.67498779296875,360.5,361.9700012207031,32213660.0
2020-09-04,354.1499938964844,364.9800109863281,352.07501220703125,359.67999267578125,49146490.0
2020-09-07,360.70001220703125,362.8999938964844,347.760009765625,350.5150146484375,46651680.0
2020-09-08,352.0,357.489990234375,347.5,350.0,44487030.0
2020-09-09,347.70001220703125,349.3450012207031,339.2449951171875,342.2850036621094,45632470.0
2020-09-10,345.6499938964844,352.3450012207031,341.79998779296875,349.8699951171875,47622820.0
2020-09-11,349.0,355.7699890136719,345.6700134277344,354.44000244140625,46083840.0
2020-09-14,355.70001220703125,357.5050048828125,342.0,344.07000732421875,45315090.0
2020-09-15,347.5,352.4200134277344,345.5,351.3399963378906,38936370.0
2020-09-16,351.7950134277344,356.739990234375,348.1650085449219,352.1499938964844,39077180.0
2020-09-17,348.8800048828125,351.70001220703125,345.6199951171875,347.19500732421875,27811560.0
2020-09-18,349.1400146484375,350.3800048828125,342.8999938964844,347.4800109863281,37690870.0
2020-09-21,346.2799987792969,346.70001220703125,331.42498779296875,333.0150146484375,36274190.0
2020-09-22,332.8999938964844,335.3800048828125,321.7049865722656,330.29998779296875,42249680.0
2020-09-23,333.0,334.3999938964844,320.0199890136719,324.385009765625,42443280.0
2020-09-24,319.1000061035156,319.4750061035156,300.69000244140625,302.8900146484375,59637770.0
2020-09-25,308.0,316.7149963378906,302.8800048828125,313.8949890136719,62325930.0
2020-09-28,317.79998779296875,335.0,316.2749938964844,333.5150146484375,55886950.0
2020-09-29,335.79998779296875,337.20001220703125,325.45001220703125,329.4750061035156,46434460.0
2020-09-30,329.3900146484375,334.385009765625,326.0,327.8599853515625,36035360.0
2020-10-01,332.5,346.0,331.5050048828125,344.2799987792969,53821060.0
2020-10-05,346.5,351.8999938964844,337.0249938964844,338.2900085449219,42071900.0
2020-10-06,343.989990234375,348.0,339.1199951171875,347.42999267578125,47587570.0
2020-10-07,340.0,340.0,328.5299987792969,333.114990234375,65710800.0
2020-10-08,335.3999938964844,338.79998779296875,330.20001220703125,332.6449890136719,44618100.0
2020-10-09,332.489990234375,341.8450012207031,330.5,331.7900085449219,56840990.0
2020-10-12,335.0,337.94000244140625,330.5,332.7200012207031,32046520.0
2020-10-13,331.9949951171875,334.0,324.364990234375,327.260009765625,37776570.0
2020-10-14,326.79998779296875,338.2349853515625,323.2699890136719,337.2049865722656,53044470.0
2020-10-15,336.82000732421875,337.0,320.1000061035156,321.4750061035156,52680190.0
2020-10-16,323.635009765625,326.94500732421875,317.010009765625,323.135009765625,50762360.0
2020-10-19,325.510009765625,329.4700012207031,319.6600036621094,326.7200012207031,42066370.0
2020-10-20,325.5,328.95001220703125,322.67999267578125,326.2149963378906,32520900.0
2020-10-21,327.0,329.5,310.135009765625,323.2850036621094,75364600.0
2020-10-22,316.0,334.5,315.0,331.44500732421875,70857690.0
2020-10-23,333.1400146484375,335.67999267578125,330.29998779296875,331.69000244140625,32047770.0
2020-10-26,333.0,333.0,323.6650085449219,329.3900146484375,35462450.0
2020-10-27,332.6000061035156,346.5,327.79998779296875,345.32501220703125,60209460.0
2020-10-28,344.8949890136719,348.989990234375,334.7900085449219,337.0799865722656,46491050.0
2020-10-29,336.7799987792969,343.20001220703125,333.375,338.0050048828125,37803490.0
2020-10-30,336.4949951171875,339.1000061035156,325.2850036621094,330.8999938964844,42876230.0
2020-11-02,332.55499267578125,344.739990234375,327.4649963378906,341.9800109863281,42885510.0
2020-11-03,343.0,352.0,341.5849914550781,349.0799865722656,44460450.0
2020-11-04,346.8999938964844,356.9949951171875,346.20001220703125,356.1449890136719,43711430.0
2020-11-05,361.0,375.0,358.7650146484375,373.69000244140625,63321410.0
2020-11-06,373.4100036621094,382.7300109863281,370.4100036621094,378.07501220703125,57440500.0
2020-11-09,381.0,387.8699951171875,378.6050109863281,386.5,41498980.0
2020-11-10,389.8949890136719,424.3949890136719,388.2799987792969,420.8550109863281,114214480.0
2020-11-11,421.1000061035156,442.9549865722656,413.3949890136719,426.8800048828125,138966540.0
2020-11-12,426.0,432.5,420.0050048828125,429.8299865722656,55900380.0
2020-11-13,426.0,441.0,425.0,437.6050109863281,60884590.0
2020-11-14,440.0,443.5,434.0,437.4800109863281,7894790.0
2020-11-17,439.8699951171875,450.3949890136719,434.5,448.79998779296875,58515230.0
2020-11-18,447.5,467.79998779296875,446.3999938964844,465.375,75130190.0
2020-11-19,462.8900146484375,478.5,451.2550048828125,453.6549987792969,83510050.0
2020-11-20,457.19500732421875,476.2149963378906,451.5249938964844,471.5849914550781,87364100.0
2020-11-23,476.8999938964844,486.92999267578125,473.3550109863281,481.1449890136719,73250390.0
2020-11-24,483.5,486.20001220703125,477.0,481.06500244140625,42973850.0
2020-11-25,482.20001220703125,482.5,467.5,468.9750061035156,47633210.0
2020-11-26,465.5,485.3999938964844,464.0,482.125,62732080.0
2020-11-27,485.8999938964844,496.0,478.5150146484375,490.8800048828125,123647070.0
2020-12-01,495.1199951171875,495.239990234375,482.5249938964844,486.1099853515625,40174270.0
2020-12-02,486.3999938964844,488.3999938964844,478.5,482.3900146484375,36549700.0
2020-12-03,486.5,489.0,481.70001220703125,486.7449951171875,28768440.0
2020-12-04,487.0,495.79998779296875,481.5,487.5350036621094,36793780.0
2020-12-07,487.0,492.4949951171875,481.5,482.94500732421875,31151240.0
2020-12-08,485.0,486.5,477.5,479.2149963378906,29710760.0
2020-12-09,482.0,485.2850036621094,479.1199951171875,484.4150085449219,19659920.0
2020-12-10,485.0,486.0,478.5,479.4800109863281,19259630.0
2020-12-11,480.5,488.8999938964844,480.5,484.385009765625,26700190.0
2020-12-14,485.75,491.4700012207031,484.79998779296875,489.864990234375,17863480.0
2020-12-15,488.9949951171875,515.0,486.885009765625,512.25,59367960.0
2020-12-16,519.9000244140625,522.5,512.0,514.6599731445312,32691840.0
2020-12-17,513.9849853515625,530.3150024414062,510.1600036621094,528.6699829101562,37331520.0
2020-12-18,525.0,528.4949951171875,516.5,525.25,32550430.0
2020-12-21,522.7999877929688,523.469970703125,490.5199890136719,504.18499755859375,35515700.0
2020-12-22,507.0,512.5,482.635009765625,501.1400146484375,54735210.0
2020-12-23,500.0,516.5999755859375,497.0350036621094,508.8900146484375,34314570.0
2020-12-24,513.89501953125,521.89501953125,510.6000061035156,518.489990234375,26255590.0
2020-12-28,518.489990234375,524.47998046875,517.5,520.4099731445312,19326060.0
2020-12-29,522.5,524.7000122070312,516.75,520.0499877929688,19695290.0
2020-12-30,520.0499877929688,534.7999877929688,517.4000244140625,533.4149780273438,38647000.0
2020-12-31,533.5,537.25,527.2000122070312,529.52001953125,28692120.0
2021-01-01,531.02001953125,533.7999877929688,525.0,528.0150146484375,14471870.0
2021-01-04,532.4000244140625,532.4000244140625,519.6199951171875,521.6199951171875,23336590.0
2021-01-05,521.7999877929688,522.4199829101562,506.25,511.8999938964844,39534000.0
2021-01-06,513.0,516.8350219726562,499.0299987792969,503.0299987792969,36079230.0
2021-01-07,506.5,513.155029296875,502.1300048828125,508.1000061035156,30357500.0
2021-01-08,513.0,513.875,504.20001220703125,508.20001220703125,29984510.0
2021-01-11,510.79998779296875,511.0950012207031,495.82501220703125,498.42498779296875,29241640.0
2021-01-12,498.42498779296875,509.8999938964844,495.1000061035156,504.2200012207031,33359080.0
2021-01-13,506.6000061035156,507.3999938964844,482.625,490.2900085449219,32693730.0
2021-01-14,490.2900085449219,496.67999267578125,483.3999938964844,487.7349853515625,26808110.0
2021-01-15,487.70001220703125,492.70001220703125,484.239990234375,488.3599853515625,25449160.0
2021-01-18,487.0,488.0,468.6000061035156,471.9849853515625,37034130.0
2021-01-19,476.510009765625,499.4949951171875,475.20001220703125,495.9150085449219,47674650.0
2021-01-20,496.79998779296875,503.260009765625,490.1000061035156,498.19500732421875,33147070.0
2021-01-21,499.29998779296875,522.5,499.0,511.8299865722656,70618090.0
2021-01-22,513.5,513.7000122070312,494.55999755859375,497.2550048828125,30847960.0
2021-01-25,504.8999938964844,516.2999877929688,489.0,490.8699951171875,36730600.0
2021-01-27,492.1300048828125,494.55999755859375,481.1000061035156,484.5,28004930.0
2021-01-28,477.9549865722656,490.8999938964844,472.30999755859375,481.0249938964844,34773290.0
2021-01-29,488.6700134277344,495.0,470.7099914550781,473.4549865722656,42607950.0
2021-02-01,477.5,508.0,466.6499938964844,505.8599853515625,42907450.0
2021-02-02,510.0,533.7949829101562,509.489990234375,517.3200073242188,43479930.0
2021-02-03,521.8599853515625,527.0,514.0,524.510009765625,26507830.0
2021-02-04,521.4000244140625,554.2999877929688,520.60498046875,550.4849853515625,53258880.0
2021-02-05,552.5999755859375,562.7000122070312,547.0,553.85498046875,44379870.0
2021-02-08,554.2000122070312,566.5,547.530029296875,549.77001953125,28008090.0
2021-02-09,553.75,553.9000244140625,538.260009765625,540.030029296875,22639040.0
2021-02-10,543.469970703125,550.2349853515625,539.5,547.5900268554688,26380120.0
2021-02-11,547.0,558.7999877929688,545.5750122070312,556.7050170898438,20289470.0
2021-02-12,557.0,561.7999877929688,553.2050170898438,557.7449951171875,16252680.0
2021-02-15,560.5349731445312,579.9000244140625,560.0,577.9849853515625,31688260.0
2021-02-16,579.1400146484375,582.219970703125,569.030029296875,576.0250244140625,21268100.0
2021-02-17,573.0,579.9000244140625,567.0,570.5150146484375,23463950.0
2021-02-18,569.9000244140625,571.4749755859375,552.219970703125,556.3350219726562,23175130.0
2021-02-19,556.0,562.1950073242188,542.5,549.7949829101562,27444560.0
2021-02-22,548.0,553.8699951171875,533.4749755859375,537.6849975585938,20005630.0
2021-02-23,542.0,550.4650268554688,535.0,538.3699951171875,21902450.0
2021-02-24,544.4000244140625,557.8900146484375,538.2999877929688,556.2899780273438,19087950.0
2021-02-25,560.0999755859375,561.9949951171875,551.135009765625,552.9949951171875,15845950.0
2021-02-26,543.0,545.4000244140625,522.0999755859375,526.489990234375,37133260.0
2021-03-01,531.5,536.989990234375,519.5,526.6799926757812,20318810.0
2021-03-02,530.0,541.0,526.2050170898438,531.6300048828125,22086340.0
2021-03-03,536.4149780273438,557.3350219726562,534.010009765625,554.2899780273438,22524130.0
2021-03-04,543.0,556.7150268554688,540.0999755859375,548.5900268554688,22346980.0
2021-03-05,544.0,551.9749755859375,540.2100219726562,544.489990234375,20757600.0
2021-03-08,546.9000244140625,549.39501953125,531.0999755859375,532.0650024414062,17210420.0
2021-03-09,537.0999755859375,544.5,533.5,541.5050048828125,18114960.0
2021-03-10,544.0,556.0999755859375,544.0,554.5050048828125,21912500.0
2021-03-12,560.0,567.0,552.0999755859375,555.7849731445312,25080130.0
2021-03-15,557.10498046875,558.5650024414062,535.0549926757812,543.905029296875,20870080.0
2021-03-16,548.844970703125,550.7000122070312,542.0,545.594970703125,15613050.0
2021-03-17,546.0,546.0399780273438,534.4450073242188,535.97998046875,11347580.0
2021-03-18,542.2999877929688,554.5,530.5,537.1849975585938,23390580.0
2021-03-19,531.5999755859375,547.9000244140625,519.0050048828125,545.3250122070312,32203100.0
2021-03-22,544.6500244140625,549.7000122070312,533.7000122070312,538.9349975585938,19384610.0
2021-03-23,541.0,544.5,535.0,537.8800048828125,18490380.0
2021-03-24,537.4000244140625,537.4000244140625,526.0,527.030029296875,17376430.0
2021-03-25,528.0,530.0,510.31500244140625,512.219970703125,23432710.0
2021-03-26,517.0,524.7999877929688,513.5,518.3049926757812,23474600.0
2021-03-30,523.4849853515625,526.0,515.0,519.35498046875,18452800.0
2021-03-31,518.5,521.8800048828125,512.2949829101562,514.9849853515625,18459750.0
2021-04-01,521.0,528.8499755859375,516.1950073242188,527.2150268554688,21482340.0
2021-04-05,525.9000244140625,525.9000244140625,492.05999755859375,496.25,37396800.0
2021-04-06,505.0,505.94500732421875,495.260009765625,499.30999755859375,20709060.0
2021-04-07,498.0,510.8999938964844,494.0,507.7099914550781,24027820.0
2021-04-08,510.0,511.5,501.5,502.95001220703125,14078790.0
2021-04-09,500.0,501.0,484.5,487.2300109863281,29026460.0
2021-04-12,474.0,474.0,440.0,451.1000061035156,45000460.0
2021-04-13,453.510009765625,477.489990234375,451.4049987792969,472.875,31750190.0
2021-04-15,470.80999755859375,475.0,456.6099853515625,466.0299987792969,28971850.0
2021-04-16,466.1000061035156,469.0,459.0,461.6600036621094,21426480.0
2021-04-19,445.0,450.3999938964844,436.20001220703125,447.9599914550781,34265070.0
2021-04-20,456.29998779296875,469.8999938964844,455.5199890136719,461.364990234375,33945970.0
2021-04-22,455.0,471.3999938964844,450.57501220703125,468.8699951171875,25635390.0
2021-04-23,462.1099853515625,475.9800109863281,461.04998779296875,466.7799987792969,27295250.0
2021-04-26,469.0,482.8999938964844,469.0,473.6549987792969,29039890.0
2021-04-27,474.70001220703125,488.9849853515625,474.6549987792969,486.5050048828125,26449970.0
2021-04-28,491.5,531.0,491.5,528.0900268554688,85764540.0
2021-04-29,535.0,552.5,533.0,548.4849853515625,72584860.0
2021-04-30,535.0,552.4650268554688,532.77001953125,545.1900024414062,41248880.0
2021-05-03,531.6300048828125,558.0,529.125,555.114990234375,40335910.0
2021-05-04,561.0,574.9949951171875,556.0,561.5750122070312,48383470.0
2021-05-05,568.2999877929688,570.0,545.239990234375,551.5150146484375,43786930.0
2021-05-06,556.7999877929688,561.989990234375,547.3350219726562,552.8800048828125,22231110.0
2021-05-07,559.0,561.3150024414062,545.7999877929688,549.3800048828125,18510330.0
2021-05-10,557.5,557.5,544.5,549.75,19973390.0
2021-05-11,541.125,545.8099975585938,539.0,542.469970703125,16172480.0
2021-05-12,541.3099975585938,544.0,532.9400024414062,535.8400268554688,15393360.0
2021-05-14,540.5,540.5,526.7000122070312,533.0349731445312,15257620.0
2021-05-17,535.0,549.0,531.5050048828125,543.010009765625,24115830.0
2021-05-18,550.0999755859375,570.5,550.0999755859375,568.875,31478830.0
2021-05-19,567.4949951171875,572.2899780273438,559.5,563.1199951171875,22509060.0
2021-05-20,562.7999877929688,565.7999877929688,554.5,558.875,14888270.0
2021-05-21,566.0,569.5,558.6300048828125,563.1749877929688,18569660.0
2021-05-24,563.4000244140625,568.7999877929688,559.0,560.2899780273438,12150600.0
2021-05-25,564.0,565.8800048828125,558.2000122070312,561.864990234375,13155460.0
2021-05-26,564.0,579.47998046875,558.6099853515625,577.114990234375,29167460.0
2021-05-27,577.9949951171875,578.2150268554688,565.0999755859375,568.219970703125,21525900.0
2021-05-28,572.4000244140625,575.0,559.2100219726562,561.0750122070312,15263750.0
2021-05-31,562.0,566.469970703125,556.0,562.7949829101562,17958110.0
2021-06-01,564.4000244140625,581.7999877929688,562.5399780273438,578.47998046875,28534510.0
2021-06-02,575.6500244140625,584.5,574.2550048828125,580.864990234375,20131950.0
2021-06-03,584.0,591.5,578.0150146484375,590.1500244140625,22303780.0
2021-06-04,591.5,601.0,590.0,599.344970703125,24453670.0
2021-06-07,580.0,584.385009765625,568.2449951171875,572.9749755859375,28358050.0
2021-06-08,575.0999755859375,581.7000122070312,572.0150146484375,575.5399780273438,17890070.0
2021-06-09,579.5,579.5,562.72998046875,567.4500122070312,15381120.0
2021-06-10,571.5,611.5,567.7000122070312,608.6400146484375,52961200.0
2021-06-11,610.5349731445312,623.0,604.52001953125,612.0,37027210.0
2021-06-14,606.969970703125,624.9000244140625,597.5599975585938,619.4149780273438,26336010.0
2021-06-15,621.9000244140625,623.97998046875,615.0,616.114990234375,15236610.0
2021-06-16,614.0,616.0900268554688,606.280029296875,608.1599731445312,14816580.0
2021-06-17,592.0,611.5,592.0,605.0250244140625,18718570.0
2021-06-18,608.989990234375,614.7999877929688,596.5050048828125,608.7050170898438,27096150.0
2021-06-21,600.0,613.5,598.7100219726562,611.5999755859375,12719620.0
2021-06-22,615.0,618.9000244140625,600.0,601.6799926757812,15406110.0
2021-06-23,605.0999755859375,611.5,600.0999755859375,601.5599975585938,12382150.0
2021-06-24,602.7000122070312,610.7999877929688,601.0999755859375,604.3599853515625,10824210.0
2021-06-25,605.7000122070312,610.7000122070312,603.02001953125,607.5800170898438,9619940.0
2021-06-28,610.0,611.77001953125,601.5,603.7050170898438,8284810.0
2021-06-29,604.0,613.7650146484375,600.2100219726562,605.239990234375,13100790.0
2021-06-30,605.0,612.5,600.0,601.5850219726562,12257940.0
2021-07-01,604.0,604.0,594.0,596.7150268554688,11206010.0
2021-07-02,600.0,603.0,596.5,599.7750244140625,8112980.0
2021-07-05,602.9000244140625,609.594970703125,600.60498046875,607.27001953125,8631790.0
2021-07-06,605.5,634.280029296875,605.2999877929688,620.239990234375,34913930.0
2021-07-07,622.0,628.5999755859375,616.0399780273438,619.8599853515625,19479250.0
2021-07-08,618.0,622.0900268554688,608.0399780273438,611.780029296875,11305600.0
2021-07-09,608.2999877929688,617.0999755859375,606.10498046875,613.614990234375,14475440.0
2021-07-12,617.5,619.8900146484375,610.3599853515625,614.9550170898438,9787400.0
2021-07-13,618.5,622.5,614.0,615.4299926757812,10021270.0
2021-07-14,615.0,618.2000122070312,612.0,613.3900146484375,7765740.0
2021-07-15,613.3900146484375,617.719970703125,610.2000122070312,612.969970703125,8709900.0
2021-07-16,612.5,619.0,609.719970703125,612.5449829101562,9631210.0
2021-07-19,608.7999877929688,612.2999877929688,593.5,601.5399780273438,12905320.0
2021-07-20,602.0,602.7949829101562,586.7999877929688,594.1849975585938,14018370.0
2021-07-22,593.0,624.4000244140625,592.114990234375,619.5549926757812,34885910.0
2021-07-23,618.9000244140625,622.5,614.0,618.0900268554688,9537390.0
2021-07-26,615.0,619.8300170898438,613.0,616.2449951171875,7335020.0
2021-07-27,618.0,632.7000122070312,617.5,623.14501953125,20685280.0
2021-07-28,625.7899780273438,628.4000244140625,615.7000122070312,626.2000122070312,11491530.0
2021-07-29,628.9949951171875,643.0,626.405029296875,640.010009765625,14846640.0
2021-07-30,641.6849975585938,641.6849975585938,621.219970703125,622.8099975585938,14068850.0
2021-08-02,627.0,628.39501953125,617.0,620.0499877929688,10124350.0
2021-08-03,621.5,634.2000122070312,620.5999755859375,633.1900024414062,10917100.0
2021-08-04,634.2999877929688,647.7449951171875,631.5,635.9149780273438,16320910.0
2021-08-05,635.4000244140625,635.5499877929688,623.2000122070312,624.8250122070312,8665670.0
2021-08-06,628.5,629.9500122070312,621.0999755859375,622.4299926757812,7297890.0
2021-08-09,622.5,626.9949951171875,613.60498046875,619.3150024414062,8811790.0
2021-08-10,622.5,624.844970703125,614.2050170898438,617.010009765625,7310090.0
2021-08-11,617.6099853515625,619.9949951171875,605.7000122070312,616.780029296875,7919290.0
2021-08-12,618.0999755859375,625.489990234375,615.125,619.9500122070312,7946020.0
2021-08-13,621.0,622.885009765625,613.0999755859375,615.655029296875,6679320.0
2021-08-16,614.9000244140625,639.5,610.385009765625,637.7150268554688,14233350.0
2021-08-17,640.9949951171875,643.6849975585938,630.5,641.010009765625,16027760.0
2021-08-18,643.4000244140625,664.0,640.60498046875,654.4099731445312,21537300.0
2021-08-20,647.1950073242188,673.27001953125,645.5650024414062,666.1099853515625,21647320.0
2021-08-23,674.0,681.9500122070312,669.7000122070312,675.219970703125,17383400.0
2021-08-24,677.5,704.9000244140625,672.7949829101562,698.010009765625,26229900.0
2021-08-25,700.5,705.4000244140625,692.0999755859375,694.4949951171875,15096670.0
2021-08-26,690.0,699.3250122070312,685.5,693.1950073242188,12345880.0
2021-08-27,695.0,702.4349975585938,687.2000122070312,696.6599731445312,9359060.0
2021-08-30,699.594970703125,719.7000122070312,698.0,716.5499877929688,15043820.0
2021-08-31,716.0,759.8800048828125,713.0,752.4500122070312,29464380.0
2021-09-01,752.5,767.4500122070312,748.3350219726562,751.9600219726562,22277890.0
2021-09-02,750.0,758.6400146484375,744.5050048828125,749.844970703125,11833780.0
2021-09-03,750.0,755.5,746.1749877929688,752.3400268554688,8802470.0
2021-09-06,755.0,761.5,748.510009765625,750.635009765625,8970710.0
2021-09-07,752.8900146484375,756.625,740.719970703125,745.72998046875,8360130.0
2021-09-08,745.7000122070312,751.4000244140625,741.10498046875,746.3200073242188,8592560.0
2021-09-09,743.0,746.0,738.0,743.0650024414062,7004360.0
2021-09-13,743.0650024414062,749.5,735.2000122070312,744.5549926757812,8025650.0
2021-09-14,748.0,753.0,740.7999877929688,741.7550048828125,7192580.0
2021-09-15,744.5,748.0,738.0,741.4149780273438,6572830.0
2021-09-16,744.5,744.5,733.0499877929688,741.1500244140625,5771290.0
2021-09-17,744.5499877929688,767.9949951171875,736.0,742.8800048828125,34749690.0
2021-09-20,736.0,758.0999755859375,732.0750122070312,744.2449951171875,10838060.0
2021-09-21,748.114990234375,784.7100219726562,740.0999755859375,781.385009765625,19931330.0
2021-09-22,785.0,789.5,777.0999755859375,779.364990234375,15005410.0
2021-09-23,786.3599853515625,799.9000244140625,780.4650268554688,789.905029296875,21091470.0
2021-09-24,794.9849853515625,794.9849853515625,772.5650024414062,779.3400268554688,11293460.0
2021-09-27,784.9000244140625,786.0,774.0050048828125,779.5449829101562,6507740.0
2021-09-28,781.5,782.5,742.5050048828125,754.3300170898438,15723010.0
2021-09-29,752.9000244140625,763.5850219726562,745.614990234375,751.5399780273438,9458790.0
2021-09-30,754.5,770.0,749.0900268554688,766.8099975585938,14907070.0
2021-10-01,762.0,763.9199829101562,747.5,752.2750244140625,9377400.0
2021-10-04,758.7999877929688,776.9000244140625,756.0150146484375,769.5050048828125,10901980.0
2021-10-05,768.2999877929688,776.5,763.4099731445312,772.4199829101562,7732430.0
2021-10-06,781.0,788.0599975585938,768.5,773.5150146484375,17646310.0
2021-10-07,784.5900268554688,788.5,773.7999877929688,774.7899780273438,9405500.0
2021-10-08,775.0,782.9000244140625,771.2000122070312,773.219970703125,7565710.0
2021-10-11,777.3900146484375,790.4400024414062,775.2000122070312,781.7100219726562,9086480.0
2021-10-12,781.0,792.5,775.0,785.5750122070312,10994490.0
2021-10-13,790.7899780273438,801.0,786.1300048828125,792.9299926757812,10524380.0
2021-10-14,796.9000244140625,796.9000244140625,781.2349853515625,786.2899780273438,11348490.0
2021-10-18,805.0,805.0,780.0800170898438,786.5549926757812,8550980.0
2021-10-19,789.0,791.469970703125,767.0999755859375,773.9299926757812,12449890.0
2021-10-20,774.0999755859375,783.35498046875,757.5,776.135009765625,11028990.0
2021-10-21,783.0,783.0,768.5,773.72998046875,6394610.0
2021-10-22,775.5999755859375,793.5,766.5,771.02001953125,15173760.0
2021-10-25,775.0,783.7750244140625,735.0499877929688,764.6649780273438,11697290.0
2021-10-26,769.5,789.4949951171875,765.1099853515625,785.5650024414062,16605750.0
2021-10-27,787.0,791.9949951171875,746.0999755859375,748.2150268554688,31122330.0
2021-10-28,754.0,759.5999755859375,735.3400268554688,748.4249877929688,15723020.0
2021-10-29,748.0,754.969970703125,731.3049926757812,740.02001953125,9483340.0
2021-11-01,743.0,750.02001953125,722.0,741.39501953125,10373140.0
2021-11-02,746.6699829101562,755.5,740.0250244140625,745.5349731445312,6871160.0
2021-11-03,748.5999755859375,753.8800048828125,745.0999755859375,751.625,6687040.0
2021-11-04,756.0999755859375,756.9000244140625,751.5,752.510009765625,940330.0
2021-11-08,754.3900146484375,771.3150024414062,748.5999755859375,767.364990234375,9003010.0
2021-11-09,770.0,775.4400024414062,755.0,757.75,8002470.0
2021-11-10,754.5,761.0,750.5,758.14501953125,4649890.0
2021-11-11,757.02001953125,760.094970703125,741.0,745.27001953125,6344000.0
2021-11-12,750.0,760.0250244140625,745.2999877929688,757.9099731445312,4971280.0
2021-11-15,757.9000244140625,762.7449951171875,749.0,753.4249877929688,4025180.0
2021-11-16,752.5,765.0,750.0750122070312,755.5700073242188,5980490.0
2021-11-17,752.7999877929688,769.2000122070312,752.125,760.7650146484375,6455740.0
2021-11-18,762.0,769.77001953125,744.0,748.4949951171875,7725390.0
2021-11-22,749.2000122070312,751.4500122070312,699.0050048828125,705.8300170898438,19352430.0
2021-11-23,700.0,717.7999877929688,692.4099731445312,711.4299926757812,11875890.0
2021-11-24,716.0,731.97998046875,706.5999755859375,717.72998046875,10993800.0
2021-11-25,715.0,720.5,708.6799926757812,712.5800170898438,6154860.0
2021-11-26,702.0999755859375,704.7899780273438,677.5,680.7050170898438,16890820.0
2021-11-29,676.7000122070312,698.0,667.8300170898438,690.5750122070312,14918150.0
2021-11-30,691.0,719.97998046875,684.9249877929688,699.7249755859375,21955390.0
2021-12-01,703.219970703125,710.77001953125,695.0999755859375,703.8699951171875,11367680.0
2021-12-02,709.0,721.0,702.239990234375,718.0499877929688,8477040.0
2021-12-03,716.0,723.3800048828125,705.5,706.9249877929688,8164110.0
2021-12-06,706.9249877929688,709.5900268554688,693.8099975585938,695.1749877929688,8582530.0
2021-12-07,704.7999877929688,717.0,695.7999877929688,710.3150024414062,10796080.0
2021-12-08,712.0,738.635009765625,712.0,736.1500244140625,14026910.0
2021-12-09,740.0,746.8099975585938,733.7000122070312,744.030029296875,10769500.0
2021-12-10,737.4000244140625,746.7000122070312,736.0,745.25,6791450.0
2021-12-13,747.0,747.7000122070312,719.9000244140625,721.875,12985990.0
2021-12-14,718.0,718.0,703.5,706.5900268554688,12764810.0
2021-12-15,707.25,707.25,683.0999755859375,684.7249755859375,18175280.0
2021-12-16,694.5,706.344970703125,693.2899780273438,702.885009765625,17683180.0
2021-12-17,700.0,702.5,686.5,690.1099853515625,16805110.0
2021-12-20,685.0,686.4849853515625,649.260009765625,663.4149780273438,22263190.0
2021-12-21,672.5150146484375,675.0,654.0,657.7550048828125,13755910.0
2021-12-22,663.5,679.0750122070312,662.3800048828125,677.1199951171875,12678980.0
2021-12-23,684.0,699.3499755859375,683.8250122070312,691.7750244140625,13393990.0
2021-12-24,698.489990234375,698.7949829101562,675.760009765625,685.2000122070312,9807740.0
2021-12-27,675.0999755859375,690.8800048828125,665.405029296875,689.0750122070312,9123600.0
2021-12-28,698.0,698.0,686.1749877929688,690.6649780273438,8624640.0
2021-12-29,688.489990234375,694.9949951171875,685.3049926757812,691.1649780273438,5323790.0
2021-12-30,689.989990234375,694.4949951171875,685.6900024414062,687.1099853515625,6589920.0
2021-12-31,688.2000122070312,699.9000244140625,687.5549926757812,697.72998046875,7699070.0
2022-01-03,697.5,724.39501953125,697.5,721.9600219726562,12697250.0
2022-01-04,725.0,737.5,723.5499877929688,734.2999877929688,9591730.0
2022-01-05,746.989990234375,769.114990234375,741.5,767.0800170898438,25832620.0
2022-01-06,752.5,777.9349975585938,752.0999755859375,774.8250122070312,15359860.0
2022-01-07,776.39501953125,778.5,758.5,765.9349975585938,11659510.0
2022-01-10,768.5999755859375,775.9000244140625,766.9749755859375,773.1300048828125,6390600.0
2022-01-11,773.9000244140625,775.9949951171875,757.0999755859375,766.9849853515625,10379120.0
2022-01-12,772.5999755859375,786.9000244140625,769.1799926757812,777.4500122070312,14584040.0
2022-01-13,782.7999877929688,784.9550170898438,777.4000244140625,780.8350219726562,6163740.0
2022-01-14,777.5,784.6099853515625,772.8499755859375,783.219970703125,5696350.0
2022-01-17,781.9500122070312,791.0,780.155029296875,785.260009765625,6797740.0
2022-01-18,789.9949951171875,794.5,771.60498046875,774.4000244140625,11300240.0
2022-01-19,785.0,804.5,747.2999877929688,757.1799926757812,50003170.0
2022-01-20,761.0,765.0,740.0999755859375,753.0250244140625,29103830.0
2022-01-21,740.25,749.9000244140625,730.5850219726562,737.375,13704500.0
2022-01-24,735.0,735.0,681.77001953125,693.1749877929688,25025820.0
2022-01-25,690.0,699.5999755859375,675.219970703125,696.375,25259340.0
2022-01-27,682.3599853515625,690.2349853515625,670.8099975585938,683.7000122070312,17610280.0
2022-01-28,696.10498046875,704.5599975585938,684.5,686.7249755859375,14675220.0
2022-01-31,697.989990234375,707.5900268554688,693.010009765625,700.0250244140625,12512490.0
2022-02-01,707.5900268554688,711.5800170898438,688.5999755859375,701.4600219726562,13834490.0
2022-02-02,710.0,728.0,709.5,724.7449951171875,13398210.0
2022-02-03,725.2999877929688,728.7050170898438,710.0,711.0650024414062,8398560.0
2022-02-04,709.0,718.8400268554688,705.5,715.8400268554688,8232080.0
2022-02-07,716.5,716.5,688.0999755859375,693.0599975585938,11830120.0
2022-02-08,700.0,714.7000122070312,691.469970703125,705.5,16405420.0
2022-02-09,712.85498046875,715.7899780273438,707.0,711.7349853515625,6491660.0
2022-02-10,713.5,724.0,706.5,713.7000122070312,12442000.0
2022-02-11,704.0,707.9949951171875,692.10498046875,701.1599731445312,12764610.0
2022-02-14,681.0,693.0,674.405029296875,678.594970703125,11697660.0
2022-02-15,680.0,719.5,678.594970703125,714.2050170898438,13468200.0
2022-02-16,718.5,722.4949951171875,705.0,706.8599853515625,10540410.0
2022-02-17,712.0,712.7999877929688,698.2000122070312,708.2449951171875,9036160.0
2022-02-18,702.0,711.5999755859375,701.0,703.010009765625,7625170.0
2022-02-21,700.0,708.0900268554688,691.0999755859375,700.635009765625,8166640.0
2022-02-22,680.0,703.614990234375,678.9000244140625,701.135009765625,12587320.0
2022-02-23,706.0,711.7349853515625,702.7449951171875,704.4550170898438,7952280.0
2022-02-24,680.0,690.02001953125,659.2449951171875,662.780029296875,19300400.0
2022-02-25,680.0,698.9949951171875,675.9000244140625,696.9400024414062,14132810.0
2022-02-28,686.0,702.5,680.6599731445312,700.22998046875,15808910.0
2022-03-02,691.7999877929688,693.635009765625,676.2000122070312,683.155029296875,16080090.0
2022-03-03,692.0,694.4299926757812,672.5,674.8350219726562,13339990.0
2022-03-04,668.8400268554688,669.7999877929688,650.0,653.7899780273438,19965090.0
2022-03-07,635.0,637.0,610.0,612.5,28435880.0
2022-03-08,612.7999877929688,621.7349853515625,591.2899780273438,616.1849975585938,28857830.0
2022-03-09,621.9500122070312,652.5,612.1849975585938,647.25,22801310.0
2022-03-10,679.4000244140625,679.4000244140625,650.0999755859375,658.489990234375,20915610.0
2022-03-11,655.0,668.5,649.0050048828125,662.7999877929688,12647710.0
2022-03-14,660.0999755859375,668.9000244140625,650.0,666.5449829101562,12668460.0
2022-03-15,667.719970703125,675.0,660.5,666.655029296875,14792700.0
2022-03-16,678.0,689.9400024414062,674.3350219726562,684.0599975585938,16335960.0
2022-03-17,694.77001953125,705.6900024414062,693.010009765625,699.4400024414062,16706780.0
2022-03-21,700.0,701.875,685.0,687.0399780273438,9620190.0
2022-03-22,687.0,701.0,676.7000122070312,698.5800170898438,12737960.0
2022-03-23,705.0,710.4000244140625,697.0,700.47998046875,11767500.0
2022-03-24,696.9000244140625,703.5549926757812,688.125,699.7550048828125,7837160.0
2022-03-25,705.9000244140625,706.7449951171875,694.0,697.3499755859375,7023730.0
2022-03-28,699.0,703.5,687.0,700.1400146484375,9369730.0
2022-03-29,704.0,706.0,698.4500122070312,703.9349975585938,7159500.0
2022-03-30,710.0,727.4450073242188,709.9000244140625,725.1849975585938,12722540.0
2022-03-31,728.7949829101562,744.5,724.0650024414062,725.9949951171875,16330110.0
2022-04-01,722.9949951171875,744.9000244140625,722.030029296875,740.8099975585938,8715130.0
2022-04-04,744.9000244140625,759.0900268554688,743.0,749.0650024414062,10497590.0
2022-04-05,743.5,747.9949951171875,733.0,738.844970703125,10720820.0
2022-04-06,735.0,742.5,730.0,734.6950073242188,7670310.0
2022-04-07,731.0,735.5999755859375,727.0,729.02001953125,7182660.0
2022-04-08,732.8300170898438,742.5,726.0,736.6599731445312,8819730.0
2022-04-11,734.5050048828125,738.4000244140625,729.5,733.6649780273438,5975080.0
2022-04-12,729.9949951171875,729.9949951171875,722.0,727.4500122070312,8055980.0
2022-04-13,731.2999877929688,738.0,728.2050170898438,732.844970703125,6723170.0
2022-04-18,726.5499877929688,737.5,723.1599731445312,726.14501953125,7582220.0
2022-04-19,730.0,744.3300170898438,715.0999755859375,725.9550170898438,11911100.0
2022-04-20,727.4949951171875,729.469970703125,696.0,703.25,15581810.0
2022-04-21,709.9000244140625,718.7000122070312,704.72998046875,713.8099975585938,8753430.0
2022-04-22,708.0,720.7000122070312,707.1400146484375,711.0750122070312,8079870.0
2022-04-25,700.0,707.4949951171875,695.0,700.5499877929688,6849530.0
2022-04-26,713.0999755859375,726.2949829101562,709.7000122070312,724.0549926757812,10124190.0
2022-04-27,710.0,710.0,668.885009765625,671.4099731445312,39843570.0
2022-04-28,674.7999877929688,680.5,658.0,672.7650146484375,24990940.0
2022-04-29,680.0,682.3599853515625,665.0999755859375,667.1799926757812,13375170.0
2022-05-02,655.0,664.9849853515625,652.5499877929688,662.614990234375,12387410.0
2022-05-04,662.989990234375,666.780029296875,629.0,633.9749755859375,16491150.0
2022-05-05,640.0,649.7449951171875,629.0,630.9450073242188,14860280.0
2022-05-06,620.0999755859375,620.5050048828125,597.5,600.030029296875,30648650.0
2022-05-09,596.0999755859375,613.5250244140625,583.2550048828125,603.6950073242188,19356480.0
2022-05-10,600.0,611.3049926757812,590.0,592.844970703125,11779330.0
2022-05-11,595.7000122070312,599.6599731445312,573.7000122070312,580.7000122070312,18613390.0
2022-05-12,575.0,576.4749755859375,550.5900268554688,559.3400268554688,24940440.0
2022-05-13,570.0,574.9000244140625,550.0,551.5750122070312,21053150.0
2022-05-16,557.5,571.1950073242188,548.7999877929688,564.5399780273438,14149550.0
2022-05-17,566.0,584.9000244140625,565.2000122070312,583.72998046875,14017700.0
2022-05-18,588.9949951171875,595.6699829101562,579.0,581.52001953125,16550940.0
2022-05-19,565.0999755859375,574.5,561.0999755859375,570.7000122070312,10650250.0
2022-05-20,584.0,584.1950073242188,571.2000122070312,576.9600219726562,10986100.0
2022-05-23,582.5,590.625,577.1199951171875,579.4000244140625,9680210.0
2022-05-24,578.2999877929688,583.2999877929688,572.5,579.8800048828125,10840690.0
2022-05-25,583.9000244140625,587.77001953125,580.1799926757812,582.739990234375,8675980.0
2022-05-26,585.0,587.5449829101562,565.3400268554688,581.780029296875,12595460.0
2022-05-27,590.0,607.7000122070312,586.10498046875,599.3499755859375,16258050.0
2022-05-30,608.7999877929688,612.7000122070312,604.1099853515625,611.1199951171875,8174840.0
2022-05-31,611.0,616.9199829101562,601.64501953125,608.2150268554688,15489660.0
2022-06-01,606.0,613.0,597.7249755859375,601.0150146484375,8876200.0
2022-06-02,600.7000122070312,608.0,594.9199829101562,605.7849731445312,7508090.0
2022-06-03,612.5,616.7999877929688,601.4000244140625,602.8200073242188,10434650.0
2022-06-06,600.8200073242188,605.0,591.0999755859375,602.0999755859375,7376570.0
2022-06-07,598.0,598.9949951171875,583.364990234375,587.8599853515625,8969820.0
2022-06-08,590.0,605.4000244140625,580.2249755859375,595.4299926757812,13341460.0
2022-06-09,590.5,593.1599731445312,585.5,589.85498046875,12376740.0
2022-06-10,582.5,583.5,565.239990234375,566.75,21518910.0
2022-06-13,552.5050048828125,555.4000244140625,532.5,535.8250122070312,19327850.0
2022-06-14,534.7000122070312,546.0999755859375,528.4199829101562,537.5750122070312,18845410.0
2022-06-15,541.7999877929688,549.989990234375,539.614990234375,548.4949951171875,16599430.0
2022-06-16,556.5,561.4949951171875,525.4849853515625,528.3900146484375,21796860.0
2022-06-17,522.0,547.5,522.0,541.9550170898438,19379390.0
2022-06-20,542.7999877929688,551.0,535.2000122070312,547.0449829101562,11194560.0
2022-06-21,552.5,556.4000244140625,545.5,554.9149780273438,10023590.0
2022-06-22,553.1500244140625,553.1500244140625,540.5,543.9600219726562,8983460.0
2022-06-23,544.5599975585938,549.5,534.2999877929688,544.8150024414062,11018570.0
2022-06-24,551.0,561.6649780273438,545.5,558.7750244140625,13049330.0
2022-06-27,570.0,572.5,558.7750244140625,564.1199951171875,10490080.0
2022-06-28,560.7000122070312,561.9000244140625,552.5,557.625,7395000.0
2022-06-29,548.5,555.4000244140625,546.0,551.280029296875,7559820.0
2022-06-30,551.280029296875,553.52001953125,537.7000122070312,540.0499877929688,11982750.0
2022-07-01,536.4000244140625,563.39501953125,533.5050048828125,561.4400024414062,12218900.0
2022-07-04,561.2899780273438,564.89501953125,554.0999755859375,563.030029296875,7898180.0
2022-07-05,566.0,575.5,562.64501953125,566.1099853515625,12284530.0
2022-07-06,568.0,593.885009765625,564.5900268554688,591.6699829101562,22229520.0
2022-07-07,593.5,598.6900024414062,581.5999755859375,586.0700073242188,13352470.0
2022-07-08,592.7999877929688,592.7999877929688,580.0999755859375,587.3200073242188,8032820.0
2022-07-11,585.0,590.39501953125,581.3800048828125,586.1500244140625,7613370.0
2022-07-12,584.97998046875,595.9550170898438,578.4000244140625,587.35498046875,9754460.0
2022-07-13,592.9949951171875,597.9000244140625,586.6599731445312,587.8900146484375,8869340.0
2022-07-14,592.5,592.6950073242188,579.469970703125,583.0850219726562,6929200.0
2022-07-15,585.5,592.8250122070312,581.2849731445312,591.52001953125,5698590.0
2022-07-18,596.989990234375,606.8099975585938,593.135009765625,605.97998046875,9664320.0
2022-07-19,604.0,609.8150024414062,600.2050170898438,606.594970703125,9785600.0
2022-07-20,614.9000244140625,614.9600219726562,604.2050170898438,607.4400024414062,8270920.0
2022-07-21,607.9000244140625,628.3150024414062,603.5999755859375,626.6900024414062,13254930.0
2022-07-22,627.0999755859375,632.5,621.77001953125,625.8250122070312,9532950.0
2022-07-25,624.0,633.4000244140625,618.5,622.7000122070312,7240230.0
2022-07-26,630.0,638.3699951171875,621.25,626.4450073242188,15304060.0
2022-07-27,627.9000244140625,642.9400024414062,619.5,639.635009765625,14449890.0
2022-07-28,652.2000122070312,710.9949951171875,652.2000122070312,707.6599731445312,64857820.0
2022-07-29,717.5,726.0,712.5,720.9099731445312,26067620.0
2022-08-01,725.10498046875,731.0,719.2000122070312,726.0999755859375,12270770.0
2022-08-02,720.14501953125,735.5999755859375,718.219970703125,734.1900024414062,12491240.0
2022-08-03,732.5999755859375,737.6400146484375,721.7999877929688,729.635009765625,12186210.0
2022-08-04,733.89501953125,738.5,720.5,731.6649780273438,9494810.0
2022-08-05,733.9949951171875,736.7949829101562,727.60498046875,730.469970703125,7580780.0
2022-08-08,730.0,739.7999877929688,726.4000244140625,734.219970703125,9574820.0
2022-08-10,736.9000244140625,736.9000244140625,710.5,714.9400024414062,19065230.0
2022-08-11,724.4000244140625,732.5,721.7349853515625,731.89501953125,10270510.0
2022-08-12,730.2000122070312,734.2999877929688,727.2050170898438,730.9400024414062,10369410.0
2022-08-16,733.9000244140625,738.4000244140625,727.2100219726562,728.6099853515625,8044640.0
2022-08-17,730.0,763.7999877929688,729.5999755859375,752.7100219726562,23444140.0
2022-08-18,749.0,758.8800048828125,745.239990234375,748.8250122070312,8353540.0
2022-08-19,751.0,753.8699951171875,727.0999755859375,730.1699829101562,11004270.0
2022-08-22,726.0999755859375,727.97998046875,708.885009765625,710.219970703125,10608620.0
2022-08-23,708.5,725.0,705.0,720.77001953125,10886030.0
2022-08-24,716.5,723.6400146484375,714.0,717.6900024414062,9530960.0
2022-08-25,721.280029296875,723.9000244140625,702.510009765625,704.7150268554688,13542960.0
2022-08-26,712.0,714.1500244140625,702.5700073242188,706.2100219726562,7591390.0
2022-08-29,688.0999755859375,701.5499877929688,686.135009765625,696.4349975585938,9967350.0
2022-08-30,700.0,733.5,700.0,730.625,17313810.0
2022-09-01,722.8599853515625,733.385009765625,714.2000122070312,718.1300048828125,14625790.0
2022-09-02,721.7100219726562,731.2999877929688,717.344970703125,719.0349731445312,9063700.0
2022-09-05,719.0700073242188,725.4000244140625,715.7999877929688,719.6199951171875,7070250.0
2022-09-06,722.875,725.5,710.5,711.9349975585938,7919050.0
2022-09-07,707.7999877929688,720.7949829101562,707.0,716.6500244140625,7919940.0
2022-09-08,722.0,727.9450073242188,717.5,725.7650146484375,7722510.0
2022-09-09,730.0,732.4000244140625,716.5,718.0900268554688,6496070.0
2022-09-12,721.6849975585938,731.989990234375,718.7849731445312,728.6900024414062,8347160.0
2022-09-13,733.0,744.4000244140625,731.239990234375,740.344970703125,13827000.0
2022-09-14,727.2150268554688,756.0,727.2150268554688,748.344970703125,14933880.0
2022-09-15,748.9949951171875,753.2849731445312,736.969970703125,738.6300048828125,7174200.0
2022-09-16,738.5,748.0150146484375,719.4349975585938,727.4099731445312,11870360.0
2022-09-19,727.5,752.4450073242188,719.094970703125,749.6099853515625,16481170.0
2022-09-20,756.9949951171875,771.5,756.5,763.5399780273438,16134500.0
2022-09-21,764.0,773.5,758.60498046875,769.0650024414062,12392620.0
2022-09-22,767.0,777.7999877929688,760.0,771.9550170898438,12810390.0
2022-09-23,771.47998046875,773.1500244140625,747.5,750.7150268554688,14123310.0
2022-09-26,743.7000122070312,746.0,712.9000244140625,725.9500122070312,18752050.0
2022-09-27,732.5,737.9949951171875,721.0050048828125,724.2849731445312,11428290.0
2022-09-28,717.9000244140625,729.75,716.010009765625,720.25,8690690.0
2022-09-29,731.25,731.6900024414062,708.8049926757812,710.4749755859375,9696320.0
2022-09-30,708.0999755859375,736.2000122070312,702.6799926757812,733.5750122070312,16186650.0
2022-10-03,733.7000122070312,739.7999877929688,714.4600219726562,717.1799926757812,8201980.0
2022-10-04,733.5,750.5,730.635009765625,748.8699951171875,11914950.0
2022-10-06,755.0,759.9000244140625,734.6900024414062,740.4149780273438,15100600.0
2022-10-07,738.5449829101562,740.7750244140625,727.2249755859375,734.5150146484375,9911960.0
2022-10-10,726.5,733.7999877929688,722.0999755859375,729.3400268554688,6531130.0
2022-10-11,730.7000122070312,735.25,717.260009765625,720.280029296875,7322060.0
2022-10-12,720.5,725.8499755859375,714.5,722.6199951171875,7407310.0
2022-10-13,722.0499877929688,722.5999755859375,711.469970703125,715.1649780273438,6086550.0
2022-10-14,730.0,734.5,722.0999755859375,727.25,8390120.0
2022-10-17,725.4949951171875,737.22998046875,721.7000122070312,735.52001953125,6174010.0
2022-10-18,740.0,743.0,732.0999755859375,739.0399780273438,9069750.0
2022-10-19,741.7000122070312,744.0,735.0,738.0399780273438,6271770.0
2022-10-20,736.9949951171875,744.9000244140625,726.0999755859375,743.239990234375,10260540.0
2022-10-21,749.0,749.0,715.3049926757812,719.2750244140625,23869600.0
2022-10-24,731.0,731.0,719.0,720.6500244140625,2278840.0
2022-10-25,724.2550048828125,724.2550048828125,709.0,710.2899780273438,9098990.0
2022-10-27,718.5999755859375,721.0,693.0999755859375,697.1099853515625,16414580.0
2022-10-28,700.0,709.0,698.0,700.6849975585938,8396690.0
2022-10-31,709.4000244140625,714.9600219726562,704.5999755859375,714.4099731445312,8189860.0
2022-11-01,719.6950073242188,723.5999755859375,716.0,720.9500122070312,7627420.0
2022-11-02,720.7000122070312,724.0,714.0050048828125,715.6199951171875,5859140.0
2022-11-03,710.5,719.5,709.2100219726562,712.1599731445312,6323130.0
2022-11-04,712.1599731445312,722.489990234375,712.1599731445312,721.2000122070312,9219250.0
2022-11-07,724.8099975585938,725.0650024414062,711.0999755859375,719.0050048828125,7224940.0
2022-11-09,723.5,723.5,711.4650268554688,714.4000244140625,6896340.0
2022-11-10,715.7999877929688,716.5,696.4550170898438,697.510009765625,10081820.0
2022-11-11,714.9000244140625,715.7849731445312,699.5,705.14501953125,12333420.0
2022-11-14,705.489990234375,710.7000122070312,700.10498046875,702.5800170898438,8550600.0
2022-11-15,703.5150146484375,706.239990234375,698.0999755859375,702.5750122070312,7195210.0
2022-11-16,701.0999755859375,703.4849853515625,685.260009765625,689.5050048828125,13362040.0
2022-11-17,687.0,695.0,683.2000122070312,689.5050048828125,7339440.0
2022-11-18,690.989990234375,692.7999877929688,675.0,679.1500244140625,13276890.0
2022-11-21,674.7000122070312,674.7000122070312,661.0349731445312,667.9099731445312,10717480.0
2022-11-22,668.0250244140625,672.7750244140625,666.030029296875,668.5050048828125,9587690.0
2022-11-23,671.8499755859375,680.5,669.0,678.0050048828125,8936670.0
2022-11-24,681.39501953125,683.9849853515625,673.72998046875,677.135009765625,7546110.0
2022-11-25,677.0,677.7999877929688,667.5,674.75,8590580.0
2022-11-28,672.9000244140625,683.280029296875,672.85498046875,677.7449951171875,6040540.0
2022-11-29,677.5,680.8900146484375,672.0999755859375,673.4149780273438,6818600.0
2022-11-30,673.5,675.4199829101562,667.7999877929688,672.094970703125,14828310.0
2022-12-01,675.4600219726562,677.0,670.7000122070312,674.7750244140625,9816160.0
2022-12-02,673.02001953125,674.1950073242188,664.7000122070312,667.5750122070312,14386020.0
2022-12-05,667.4550170898438,669.9000244140625,663.2000122070312,666.0449829101562,10292500.0
2022-12-06,667.4400024414062,673.5,663.2000122070312,669.85498046875,8409800.0
2022-12-07,672.4949951171875,672.4949951171875,660.0999755859375,662.52001953125,9610270.0
2022-12-08,668.0,668.0,656.0,658.1950073242188,11377840.0
2022-12-09,660.25,661.7999877929688,649.0,651.7449951171875,11312920.0
2022-12-12,650.8099975585938,653.9000244140625,639.2000122070312,650.6500244140625,11000480.0
2022-12-13,650.7000122070312,664.7999877929688,650.7000122070312,662.010009765625,9586360.0
2022-12-14,665.7999877929688,668.85498046875,662.6599731445312,665.52001953125,6782830.0
2022-12-15,663.2000122070312,671.4000244140625,660.4000244140625,662.5399780273438,8577060.0
2022-12-16,659.0,669.530029296875,656.0,659.6900024414062,8802330.0
2022-12-19,660.010009765625,670.5,659.7000122070312,668.7000122070312,6595590.0
2022-12-20,666.0,669.885009765625,658.5,664.2849731445312,6077160.0
2022-12-21,669.3900146484375,669.3900146484375,650.5,652.6699829101562,6223900.0
2022-12-22,657.0,657.5,640.7000122070312,649.0650024414062,8497060.0
2022-12-23,645.0,646.5999755859375,634.0050048828125,637.4600219726562,9943030.0
2022-12-26,637.4650268554688,646.989990234375,630.0,643.3699951171875,5305350.0
2022-12-27,646.5999755859375,653.0,643.0,650.469970703125,7810350.0
2022-12-28,647.5,657.0,646.405029296875,647.6099853515625,7559340.0
2022-12-29,644.0,652.0499877929688,640.239990234375,651.0900268554688,5218800.0
2022-12-30,655.0,671.989990234375,651.5,657.52001953125,15202660.0
2023-01-02,656.5,661.0,648.4749755859375,655.375,5793400.0
2023-01-03,656.5,666.0,653.0,660.625,7420810.0
2023-01-04,659.5,663.7999877929688,655.0,657.0999755859375,6712530.0
2023-01-05,649.0,649.0,602.5050048828125,610.0050048828125,51023000.0
2023-01-06,613.0,613.9949951171875,594.1599731445312,598.0399780273438,29319220.0
2023-01-09,602.0,607.7999877929688,595.5,599.3350219726562,14005480.0
2023-01-10,599.9000244140625,601.5,587.5,590.4149780273438,11203750.0
2023-01-11,593.0,594.9000244140625,586.5549926757812,589.5750122070312,11088910.0
2023-01-12,590.655029296875,596.489990234375,585.7000122070312,589.8400268554688,14769490.0
2023-01-13,592.0,598.5,587.2000122070312,597.780029296875,11084900.0
2023-01-16,600.0,607.219970703125,597.4550170898438,601.0900268554688,9083390.0
2023-01-17,601.9949951171875,601.9949951171875,594.0,598.4949951171875,8170050.0
2023-01-18,600.39501953125,604.9000244140625,598.5,599.864990234375,7962810.0
2023-01-19,598.2999877929688,602.9650268554688,596.0650024414062,601.2449951171875,5481420.0
2023-01-20,601.25,601.9749755859375,583.719970703125,586.0399780273438,8330900.0
2023-01-23,588.0999755859375,593.5,584.0999755859375,586.2999877929688,8560640.0
2023-01-24,589.2349853515625,592.0999755859375,584.2650146484375,585.5050048828125,6081450.0
2023-01-25,585.0050048828125,585.5050048828125,577.7000122070312,579.5900268554688,8278370.0
2023-01-27,581.5,586.155029296875,568.0,576.0700073242188,16213520.0
2023-01-30,577.0050048828125,606.6199951171875,577.0050048828125,602.1799926757812,24481600.0
2023-01-31,605.0,605.0,587.4000244140625,588.6400146484375,19967880.0
2023-02-01,594.4000244140625,598.0399780273438,570.8900146484375,581.719970703125,26348660.0
2023-02-02,581.9000244140625,581.9000244140625,564.5,571.7650146484375,20250440.0
2023-02-03,577.0,603.0,574.7050170898438,601.4249877929688,14868920.0
2023-02-06,600.0,612.4000244140625,595.5599975585938,610.4199829101562,10738200.0
2023-02-07,612.2949829101562,618.2000122070312,610.0,616.0549926757812,14721930.0
2023-02-08,616.5,637.7000122070312,616.280029296875,635.1649780273438,19032080.0
2023-02-09,637.489990234375,648.780029296875,633.5250244140625,645.5,18381540.0
2023-02-10,645.39501953125,652.760009765625,642.0,643.5499877929688,12912820.0
2023-02-13,643.4949951171875,647.3150024414062,629.7050170898438,634.5499877929688,7365570.0
2023-02-14,635.3800048828125,647.2349853515625,631.0,645.8699951171875,10340900.0
2023-02-15,645.0,649.5999755859375,639.72998046875,648.9949951171875,6189790.0
2023-02-16,650.5,652.4749755859375,642.0,643.72998046875,5290480.0
2023-02-17,641.0,647.5800170898438,636.75,641.6699829101562,6160440.0
2023-02-20,642.5,644.35498046875,634.2999877929688,636.739990234375,4657320.0
2023-02-21,639.5,640.8250122070312,635.2000122070312,637.9249877929688,4485090.0
2023-02-22,633.0999755859375,636.0,618.5,619.864990234375,9347000.0
2023-02-23,621.4000244140625,626.2449951171875,612.2650146484375,620.2349853515625,8097680.0
2023-02-24,625.375,628.5999755859375,620.0,623.625,6077610.0
2023-02-27,621.5,624.0999755859375,613.5,619.4500122070312,5950040.0
2023-02-28,622.0,624.6599731445312,609.0,611.2100219726562,9778520.0
2023-03-01,610.010009765625,620.39501953125,610.010009765625,615.4849853515625,5448040.0
2023-03-02,616.52001953125,620.9600219726562,607.0050048828125,608.2999877929688,5822980.0
2023-03-03,612.1799926757812,614.0999755859375,607.2999877929688,610.0050048828125,7120370.0
2023-03-06,614.0,618.2999877929688,612.0050048828125,613.4849853515625,6084770.0
2023-03-08,612.9000244140625,612.9000244140625,598.5,599.6849975585938,13427950.0
2023-03-09,600.0,604.0,589.010009765625,590.1300048828125,9408580.0
2023-03-10,586.5,588.739990234375,578.0999755859375,587.4149780273438,7708610.0
2023-03-13,586.9000244140625,594.75,581.0999755859375,583.35498046875,7933560.0
2023-03-14,584.0,585.0,571.614990234375,573.155029296875,13725650.0
2023-03-15,580.0,582.0,570.0999755859375,571.875,6794730.0
2023-03-16,572.969970703125,575.5,566.5,571.510009765625,8849630.0
2023-03-17,574.0050048828125,581.6749877929688,568.8099975585938,573.2349853515625,10471510.0
2023-03-20,573.9000244140625,574.0449829101562,548.5700073242188,555.0800170898438,17127560.0
2023-03-21,560.1799926757812,571.5,558.614990234375,571.010009765625,11301140.0
2023-03-22,574.97998046875,585.7000122070312,573.5,583.4199829101562,12425340.0
2023-03-23,580.9500122070312,590.0,577.25,583.3049926757812,10544190.0
2023-03-24,580.3900146484375,582.9749755859375,562.719970703125,564.9249877929688,12780420.0
2023-03-27,569.7999877929688,572.5,558.4550170898438,559.3049926757812,11187430.0
2023-03-28,562.10498046875,562.4400024414062,552.27001953125,553.4450073242188,9481360.0
2023-03-29,556.2150268554688,564.5999755859375,555.5,562.52001953125,11096120.0
2023-03-31,569.4000244140625,569.4000244140625,558.6199951171875,561.6749877929688,12678280.0
2023-04-03,565.5,573.4000244140625,563.219970703125,571.5050048828125,7453860.0
2023-04-05,583.2000122070312,594.7050170898438,574.3150024414062,576.1300048828125,24333290.0
2023-04-06,576.0999755859375,595.9000244140625,570.5549926757812,593.219970703125,17405020.0
2023-04-10,594.4949951171875,596.989990234375,581.0999755859375,582.8800048828125,9282570.0
2023-04-11,585.7999877929688,588.0,581.114990234375,583.7750244140625,8116200.0
2023-04-12,583.7000122070312,587.6749877929688,578.5999755859375,585.6950073242188,10230690.0
2023-04-13,585.6950073242188,593.7000122070312,585.0399780273438,590.4450073242188,8330060.0
2023-04-17,599.7999877929688,599.7999877929688,590.0,596.14501953125,6728570.0
2023-04-18,597.5,599.4000244140625,587.0250244140625,591.5650024414062,6408890.0
2023-04-19,591.5650024414062,596.0,588.0,594.7750244140625,5549280.0
2023-04-20,596.0,596.594970703125,588.614990234375,591.27001953125,4367310.0
2023-04-21,591.2999877929688,594.5,582.7999877929688,593.7899780273438,6431010.0
2023-04-24,594.0,596.469970703125,587.7000122070312,593.375,5448920.0
2023-04-25,595.989990234375,609.27001953125,592.8699951171875,607.5250244140625,14944750.0
2023-04-26,610.0,611.97998046875,601.3300170898438,605.594970703125,9740070.0
2023-04-27,607.5,625.4450073242188,606.5999755859375,620.0050048828125,28271360.0
2023-04-28,624.3900146484375,629.5999755859375,611.0999755859375,628.010009765625,14896680.0
2023-05-02,633.0,633.4650268554688,622.47998046875,624.9149780273438,9912540.0
2023-05-03,623.8049926757812,625.5,615.594970703125,618.0250244140625,6682510.0
2023-05-04,619.7000122070312,639.9000244140625,618.2150268554688,639.0250244140625,12451410.0
2023-05-05,637.9949951171875,644.7999877929688,633.1649780273438,638.9849853515625,11600400.0
2023-05-08,639.4450073242188,669.510009765625,638.7999877929688,665.7949829101562,22247350.0
2023-05-09,665.0,673.9849853515625,654.2000122070312,655.2249755859375,21307700.0
2023-05-10,659.094970703125,666.5,652.5,663.1500244140625,8353210.0
2023-05-11,665.9000244140625,668.0,662.5,666.344970703125,5674940.0
2023-05-12,665.0,673.364990234375,660.469970703125,671.4400024414062,9120780.0
2023-05-15,671.4400024414062,675.0,668.5800170898438,671.22998046875,7390760.0
2023-05-16,672.0,684.9000244140625,670.0,678.4600219726562,12651330.0
2023-05-17,678.5,681.0449829101562,666.2000122070312,670.5050048828125,7407850.0
2023-05-18,675.97998046875,683.0650024414062,674.5150146484375,678.9400024414062,11067180.0
2023-05-19,680.0,682.0,671.2000122070312,678.4199829101562,5928340.0
2023-05-22,678.4199829101562,681.7999877929688,676.1900024414062,679.3049926757812,4197920.0
2023-05-23,681.0050048828125,687.39501953125,675.7100219726562,678.0549926757812,7901960.0
2023-05-24,676.9000244140625,684.85498046875,672.9749755859375,678.594970703125,5539360.0
2023-05-25,677.7999877929688,684.7999877929688,674.6099853515625,684.114990234375,5302600.0
2023-05-26,684.6599731445312,692.0,684.1199951171875,690.4500122070312,6940730.0
2023-05-29,694.02001953125,697.1900024414062,690.1799926757812,693.2050170898438,6407280.0
2023-05-30,694.7999877929688,701.875,693.0050048828125,700.5800170898438,8819230.0
2023-05-31,700.489990234375,702.5999755859375,692.72998046875,698.9849853515625,21476270.0
2023-06-01,702.4000244140625,705.72998046875,695.1099853515625,704.0499877929688,5900260.0
2023-06-02,707.5750122070312,710.0,700.5,702.3900146484375,6642090.0
2023-06-05,707.0,709.1599731445312,701.3049926757812,704.3200073242188,5771620.0
2023-06-06,702.5,713.2000122070312,702.5,711.39501953125,6905860.0
2023-06-07,712.0,714.0999755859375,706.2000122070312,707.9949951171875,5344830.0
2023-06-08,708.0,711.0999755859375,699.5150146484375,701.010009765625,4553600.0
2023-06-09,701.2750244140625,708.25,701.2050170898438,703.7150268554688,4473610.0
2023-06-12,705.0150146484375,711.0,704.1599731445312,709.77001953125,5132550.0
2023-06-13,710.0,720.0,710.0,716.6749877929688,8001340.0
2023-06-14,718.2000122070312,718.2000122070312,708.2050170898438,709.6849975585938,4015200.0
2023-06-15,709.5,714.1699829101562,705.5999755859375,712.6599731445312,4370180.0
2023-06-16,717.0,721.8599853515625,713.0999755859375,720.3200073242188,14148580.0
2023-06-19,721.1950073242188,739.885009765625,720.2249755859375,738.6199951171875,11845900.0
2023-06-20,737.614990234375,737.614990234375,720.0999755859375,724.8800048828125,8638260.0
2023-06-21,727.5,728.5900268554688,717.7000122070312,720.614990234375,5468040.0
2023-06-22,720.010009765625,720.4149780273438,702.0,703.0,8271940.0
2023-06-23,702.094970703125,705.5,695.6099853515625,698.9650268554688,8152260.0
2023-06-26,699.0,703.5,694.5,699.8699951171875,5635390.0
2023-06-27,703.0,703.0,695.4000244140625,701.9249877929688,7097890.0
2023-06-28,705.4349975585938,712.5,704.0,709.02001953125,7097820.0
2023-06-30,710.0,719.5,709.1199951171875,716.0599975585938,8879080.0
2023-07-03,716.0599975585938,735.5,716.0,733.2999877929688,12092270.0
2023-07-04,765.0,792.0,761.2650146484375,786.0449829101562,41622080.0
2023-07-05,787.9949951171875,799.989990234375,778.0,783.875,19786660.0
2023-07-06,777.5999755859375,782.4000244140625,773.5,776.625,10459840.0
2023-07-07,772.0,774.8900146484375,760.5599975585938,762.2349853515625,10949150.0
2023-07-10,762.2349853515625,762.9949951171875,743.22998046875,753.3250122070312,14515180.0
2023-07-11,756.7000122070312,768.0,738.0999755859375,744.4000244140625,16750430.0
2023-07-12,746.989990234375,750.7999877929688,739.8150024414062,743.1950073242188,11317550.0
2023-07-13,746.9949951171875,752.2899780273438,741.5999755859375,747.4600219726562,7470520.0
2023-07-14,747.4000244140625,751.8900146484375,739.989990234375,748.2349853515625,7266000.0
2023-07-17,752.0,754.2000122070312,744.2000122070312,751.094970703125,5067440.0
2023-07-18,752.0,755.5,737.3099975585938,742.0,13097090.0
2023-07-19,744.1950073242188,759.9000244140625,743.0,758.469970703125,9759430.0
2023-07-20,755.0999755859375,763.7150268554688,750.2000122070312,759.6599731445312,6494360.0
2023-07-21,759.6599731445312,765.77001953125,753.3099975585938,758.1749877929688,6733940.0
2023-07-24,758.1649780273438,764.47998046875,756.0349731445312,758.1599731445312,5843420.0
2023-07-25,764.9400024414062,764.9400024414062,754.10498046875,760.64501953125,8508690.0
2023-07-26,763.5,773.4000244140625,733.0999755859375,743.3150024414062,22288660.0
2023-07-27,757.7899780273438,757.7899780273438,726.77001953125,728.4099731445312,21471720.0
2023-07-28,731.9000244140625,739.4600219726562,721.0,738.1599731445312,10070500.0
2023-07-31,734.5,736.989990234375,728.10498046875,730.030029296875,7493150.0
2023-08-01,730.030029296875,733.0,724.4000244140625,726.969970703125,7527650.0
2023-08-02,729.0,729.0,714.5,720.344970703125,8985360.0
2023-08-03,717.5,722.4299926757812,701.8049926757812,710.8350219726562,10818980.0
2023-08-04,713.9000244140625,720.5,707.1300048828125,714.8699951171875,7313490.0
2023-08-07,716.2000122070312,718.2750244140625,707.1599731445312,712.2150268554688,7184090.0
2023-08-08,713.5,720.5,708.5150146484375,717.3599853515625,8073620.0
2023-08-09,720.0,721.4000244140625,709.0,712.5349731445312,5115720.0
2023-08-10,710.0050048828125,717.4000244140625,709.2000122070312,714.385009765625,6161300.0
2023-08-11,714.385009765625,715.9000244140625,703.10498046875,706.0599975585938,6303960.0
2023-08-14,704.0,705.8900146484375,694.0549926757812,701.8049926757812,6937850.0
2023-08-16,699.4000244140625,699.4000244140625,692.0,698.1500244140625,5987950.0
2023-08-17,702.0,702.0,690.2999877929688,692.3250122070312,7101180.0
2023-08-18,689.3499755859375,691.5800170898438,684.5,686.2100219726562,7455330.0
2023-08-21,680.0999755859375,706.2999877929688,680.0999755859375,704.8200073242188,12308310.0
2023-08-22,705.10498046875,715.3499755859375,705.0,706.9949951171875,12487800.0
2023-08-23,710.0,714.9000244140625,700.2999877929688,711.64501953125,8032480.0
2023-08-24,715.0,718.594970703125,712.0999755859375,713.7449951171875,9103600.0
2023-08-25,711.5,727.8099975585938,710.0999755859375,721.1500244140625,13032760.0
2023-08-28,722.4949951171875,726.0999755859375,713.8099975585938,723.5599975585938,7036260.0
2023-08-29,725.0,731.094970703125,723.5999755859375,729.3350219726562,14183050.0
2023-08-30,732.5999755859375,733.0900268554688,725.7999877929688,726.8099975585938,4602680.0
2023-08-31,728.0,728.5,713.5,716.2999877929688,14129800.0
2023-09-01,716.85498046875,732.9400024414062,715.5,732.0599975585938,6760760.0
2023-09-04,737.0,737.0,725.8400268554688,727.0250244140625,5813630.0
2023-09-05,728.2999877929688,735.844970703125,728.0,734.510009765625,12213530.0
2023-09-06,731.530029296875,739.7000122070312,729.0700073242188,738.780029296875,6051570.0
2023-09-07,738.0,738.780029296875,730.3699951171875,736.3200073242188,5496220.0
2023-09-08,739.0,744.9949951171875,737.0,741.0650024414062,6246420.0
2023-09-11,742.5,744.4000244140625,736.2000122070312,739.1649780273438,4068490.0
2023-09-12,742.0999755859375,745.9000244140625,730.5499877929688,743.1300048828125,9635170.0
2023-09-13,742.9299926757812,750.8250122070312,738.0650024414062,747.5900268554688,5798460.0
2023-09-14,747.5900268554688,751.1699829101562,742.7050170898438,749.4299926757812,6503720.0
2023-09-15,749.9000244140625,756.5150146484375,745.5549926757812,749.219970703125,7874940.0
2023-09-18,748.8900146484375,756.0,746.5,754.864990234375,7066180.0
2023-09-20,748.864990234375,764.7000122070312,748.2999877929688,753.9000244140625,8441900.0
2023-09-21,753.0,758.364990234375,742.5,748.4199829101562,6757250.0
2023-09-22,749.39501953125,757.7000122070312,745.3599853515625,747.135009765625,5263040.0
2023-09-25,757.5,784.989990234375,751.0,781.9849853515625,23475330.0
2023-09-26,781.989990234375,789.9949951171875,777.5,787.0650024414062,12468200.0
2023-09-27,785.5,785.5,774.2750244140625,783.7550048828125,7441100.0
2023-09-28,780.4749755859375,782.9000244140625,771.8049926757812,773.9000244140625,7775050.0
2023-09-29,773.9000244140625,784.7999877929688,772.5,781.0750122070312,5730050.0
2023-10-03,778.0800170898438,797.5499877929688,775.5,796.760009765625,9445550.0
2023-10-04,802.5,804.2999877929688,782.0,785.405029296875,11763840.0
2023-10-05,791.4849853515625,791.4849853515625,782.6900024414062,785.0900268554688,7950610.0
2023-10-06,785.0,819.2000122070312,784.5,816.85498046875,21450340.0
2023-10-09,810.2050170898438,813.5,801.7999877929688,802.77001953125,7478000.0
2023-10-10,805.5,813.5,802.0999755859375,808.3599853515625,9650240.0
2023-10-11,813.97998046875,817.2999877929688,809.5449829101562,810.1950073242188,7123720.0
2023-10-12,812.5,812.7000122070312,800.2999877929688,801.4299926757812,7640920.0
2023-10-13,799.9550170898438,808.2899780273438,795.60498046875,805.1649780273438,6622820.0
2023-10-16,804.4299926757812,806.9000244140625,798.2650146484375,803.5999755859375,4382460.0
2023-10-17,808.0,815.9000244140625,805.7550048828125,809.2999877929688,8382830.0
2023-10-18,805.0,808.4600219726562,785.0,786.655029296875,15446420.0
2023-10-19,784.3300170898438,792.2999877929688,773.0999755859375,784.155029296875,10614530.0
2023-10-20,781.0,783.2349853515625,772.25,776.9199829101562,7711530.0
2023-10-23,780.0,788.489990234375,776.135009765625,779.8900146484375,8822300.0
2023-10-25,779.8900146484375,785.6950073242188,767.5999755859375,769.4450073242188,7087740.0
2023-10-26,762.510009765625,765.5999755859375,740.1199951171875,742.1799926757812,13246300.0
2023-10-27,750.9949951171875,754.9000244140625,741.6599731445312,750.719970703125,9119440.0
2023-10-30,750.5800170898438,752.6849975585938,735.25,750.3049926757812,7992760.0
2023-10-31,756.97998046875,757.969970703125,746.0499877929688,749.2650146484375,7494100.0
2023-11-01,752.0,754.9000244140625,745.7650146484375,747.1900024414062,4627780.0
2023-11-02,753.0,761.5,741.1199951171875,744.9099731445312,8550300.0
2023-11-03,752.7999877929688,753.7949829101562,737.2449951171875,741.1500244140625,11387550.0
2023-11-06,745.5999755859375,757.1950073242188,744.260009765625,756.2050170898438,6340430.0
2023-11-07,764.0,764.0,744.5999755859375,749.5599975585938,15630070.0
2023-11-08,752.7000122070312,753.5999755859375,740.6649780273438,745.9949951171875,9167170.0
2023-11-09,748.5,748.5,736.6699829101562,738.6699829101562,7717910.0
2023-11-10,737.0,745.4000244140625,734.64501953125,744.47998046875,4962610.0
2023-11-13,744.780029296875,745.0,731.9000244140625,736.0850219726562,7322400.0
2023-11-15,743.9400024414062,747.6199951171875,711.9149780273438,722.4299926757812,19234400.0
2023-11-16,694.4550170898438,738.0700073242188,693.125,736.2449951171875,45570430.0
2023-11-17,714.0499877929688,726.0,710.8049926757812,722.0999755859375,20800340.0
2023-11-20,715.0999755859375,723.9000244140625,705.010009765625,706.8599853515625,19029400.0
2023-11-21,708.5,712.885009765625,703.0,710.3150024414062,16662250.0
2023-11-22,708.64501953125,717.7849731445312,706.5499877929688,712.8350219726562,10414040.0
2023-11-23,713.5,716.0,705.5999755859375,707.364990234375,6061580.0
2023-11-24,710.7999877929688,711.6799926757812,701.0999755859375,702.0800170898438,7264990.0
2023-11-28,703.5,713.5,702.989990234375,712.7550048828125,7281580.0
2023-11-29,713.4000244140625,716.8599853515625,711.405029296875,713.010009765625,6824300.0
2023-11-30,713.2000122070312,716.3599853515625,708.5650024414062,712.1900024414062,12719340.0
2023-12-01,716.0,727.9849853515625,714.2000122070312,725.9349975585938,9004770.0
2023-12-04,734.0,742.0,731.5050048828125,740.7650146484375,11014260.0
2023-12-05,743.0,744.0,732.0050048828125,734.97998046875,15222420.0
2023-12-06,739.0,745.9000244140625,736.5050048828125,742.7100219726562,7018000.0
2023-12-07,739.0,744.0,732.5999755859375,739.1199951171875,6688620.0
2023-12-08,739.0549926757812,739.8099975585938,727.4000244140625,730.760009765625,11443880.0
2023-12-11,732.5,735.27001953125,727.0050048828125,729.2750244140625,5900550.0
2023-12-12,728.0,735.4000244140625,728.0,731.4550170898438,6333120.0
2023-12-13,729.9849853515625,730.4500122070312,720.7000122070312,725.7999877929688,6829550.0
2023-12-14,736.8499755859375,751.125,730.010009765625,747.4199829101562,17295670.0
2023-12-15,752.885009765625,752.8900146484375,744.5,751.5050048828125,11739380.0
2023-12-18,754.7999877929688,761.0,752.5999755859375,758.760009765625,10827980.0
2023-12-19,764.0999755859375,764.1599731445312,753.5,763.2650146484375,7914080.0
2023-12-20,765.0,769.5,746.0150146484375,749.39501953125,8745460.0
2023-12-21,742.6599731445312,747.7000122070312,730.5499877929688,736.7150268554688,9130820.0
2023-12-22,741.89501953125,744.0,724.2999877929688,729.530029296875,11294850.0
2023-12-26,732.5,734.4000244140625,714.5250244140625,716.22998046875,12258440.0
2023-12-27,721.989990234375,732.3400268554688,719.0900268554688,723.280029296875,16052790.0
2023-12-28,727.5,729.0,720.0,725.864990234375,18560640.0
2023-12-29,723.1649780273438,734.2999877929688,720.5150146484375,732.7750244140625,9128020.0
2024-01-01,733.6950073242188,733.6950073242188,727.2999877929688,729.905029296875,3314890.0
2024-01-02,732.4000244140625,744.510009765625,728.0050048828125,743.0050048828125,11129900.0
2024-01-03,744.4949951171875,748.5850219726562,736.8200073242188,738.47998046875,5534050.0
2024-01-04,756.0,773.39501953125,756.0,770.5549926757812,29118790.0
2024-01-05,773.4949951171875,778.9000244140625,767.3099975585938,771.114990234375,10526010.0
2024-01-08,767.7000122070312,783.0,763.1300048828125,773.5999755859375,11212090.0
2024-01-09,777.4000244140625,781.0,769.7999877929688,772.5449829101562,12470830.0
2024-01-10,771.5999755859375,773.5250244140625,766.0,768.0549926757812,5590720.0
2024-01-11,768.0,779.3300170898438,765.10498046875,766.9749755859375,6517410.0
2024-01-12,768.4000244140625,771.89501953125,761.7000122070312,766.10498046875,8086380.0
2024-01-15,769.7949829101562,769.7949829101562,745.4000244140625,747.7999877929688,9972200.0
2024-01-16,747.5,761.4500122070312,742.7899780273438,745.6649780273438,11947230.0
2024-01-17,730.3300170898438,747.8200073242188,730.219970703125,735.885009765625,13802710.0
2024-01-18,729.5999755859375,735.1749877929688,723.4000244140625,726.5549926757812,16869960.0
2024-01-19,736.0,738.8800048828125,726.125,731.9099731445312,8308100.0
2024-01-23,735.2899780273438,735.5,704.260009765625,707.0700073242188,25332970.0
2024-01-24,710.4000244140625,710.4000244140625,699.6799926757812,705.530029296875,20636750.0
2024-01-25,705.530029296875,712.5800170898438,703.5999755859375,708.5499877929688,11683490.0
2024-01-29,708.5499877929688,722.4949951171875,708.510009765625,719.1649780273438,18603610.0
2024-01-30,698.8499755859375,698.8499755859375,680.5,681.719970703125,41531470.0
2024-01-31,682.0,692.0999755859375,681.2000122070312,686.2899780273438,18105120.0
2024-02-01,686.5900268554688,687.9949951171875,673.2999877929688,674.3300170898438,19111370.0
2024-02-02,675.5,691.0,675.2999877929688,684.8300170898438,13675080.0
2024-02-05,689.4000244140625,689.5,660.0,660.8200073242188,17712220.0
2024-02-06,664.7999877929688,669.9000244140625,653.5,659.8150024414062,24395330.0
2024-02-07,664.0999755859375,673.760009765625,662.5250244140625,670.9199829101562,15382370.0
2024-02-08,673.1849975585938,673.75,653.6699829101562,657.5650024414062,21932090.0
2024-02-09,658.0,667.77001953125,657.2000122070312,665.4500122070312,12098740.0
2024-02-12,666.9450073242188,667.1849975585938,655.1500244140625,656.9149780273438,5447840.0
2024-02-13,660.0,663.9000244140625,655.3099975585938,660.364990234375,9480140.0
2024-02-14,656.385009765625,665.5999755859375,655.0,664.6500244140625,6361260.0
2024-02-15,664.5999755859375,667.739990234375,658.5650024414062,661.9400024414062,8808590.0
2024-02-16,665.0050048828125,666.0,660.2000122070312,661.9199829101562,10294310.0
2024-02-19,664.8900146484375,680.6900024414062,662.530029296875,671.280029296875,13158810.0
2024-02-20,671.1900024414062,679.2000122070312,668.125,676.3599853515625,11067090.0
2024-02-21,679.0,679.0,666.5050048828125,668.8800048828125,8549440.0
2024-02-22,669.10498046875,670.6849975585938,656.0999755859375,667.4949951171875,10223740.0
2024-02-23,667.4000244140625,671.9000244140625,663.260009765625,669.7849731445312,12803110.0
2024-02-26,669.0,670.7999877929688,662.4199829101562,664.3250122070312,8920560.0
2024-02-27,663.0999755859375,664.2000122070312,649.1099853515625,655.625,11503060.0
2024-02-28,657.2000122070312,659.6749877929688,647.5,649.8699951171875,5353210.0
2024-02-29,649.9000244140625,653.9000244140625,636.6199951171875,649.5349731445312,16990980.0
2024-03-01,651.1749877929688,660.8699951171875,650.2100219726562,657.14501953125,9190800.0
2024-03-04,658.7999877929688,663.9949951171875,655.7449951171875,660.2449951171875,3971180.0
2024-03-05,660.2449951171875,663.625,627.2000122070312,632.4249877929688,17175580.0
2024-03-06,633.25,634.5900268554688,618.780029296875,631.125,21047920.0
2024-03-07,635.0,646.8599853515625,632.5399780273438,642.10498046875,14694210.0
2024-03-11,655.0,655.2000122070312,640.4000244140625,643.375,12039710.0
2024-03-12,640.5,648.5,634.135009765625,643.60498046875,10946770.0
2024-03-13,643.9249877929688,651.4949951171875,639.155029296875,645.614990234375,11321830.0
2024-03-14,645.614990234375,647.0,629.780029296875,639.7449951171875,12198650.0
2024-03-15,637.5050048828125,657.7999877929688,636.0,651.4349975585938,19705000.0
2024-03-18,651.4349975585938,655.5,645.6099853515625,650.4650268554688,6764250.0
2024-03-19,650.969970703125,666.719970703125,650.5,659.625,14080870.0
2024-03-20,661.0,673.0999755859375,660.5999755859375,664.9500122070312,14908310.0
2024-03-21,670.75,677.1649780273438,665.7150268554688,671.5750122070312,18060920.0
2024-03-22,670.5,680.2999877929688,668.6300048828125,676.0900268554688,11252380.0
2024-03-26,675.4500122070312,694.5,674.5,691.010009765625,18503210.0
2024-03-27,694.5750122070312,704.9000244140625,690.5,702.2750244140625,15512750.0
2024-03-28,703.2100219726562,734.9299926757812,703.2100219726562,724.5250244140625,35745180.0
2024-04-01,726.125,734.344970703125,722.0050048828125,725.094970703125,11252380.0
2024-04-02,725.094970703125,725.5,713.5,720.739990234375,9676150.0
2024-04-03,719.7000122070312,732.3350219726562,718.614990234375,730.9249877929688,9589430.0
2024-04-04,734.5,735.0,725.5,728.3400268554688,10405890.0
2024-04-05,723.4749755859375,725.9000244140625,715.5999755859375,717.5650024414062,12004940.0
2024-04-08,721.5,722.6950073242188,714.280029296875,717.85498046875,5182100.0
2024-04-09,722.0,723.5349731445312,712.4500122070312,719.3599853515625,7102810.0
2024-04-10,723.5900268554688,725.4000244140625,716.0,723.0250244140625,5679860.0
2024-04-12,722.4000244140625,726.4000244140625,715.6300048828125,722.9550170898438,10925880.0
2024-04-15,714.5050048828125,719.8800048828125,706.344970703125,707.625,7584480.0
2024-04-16,700.9949951171875,703.4299926757812,693.0999755859375,695.4249877929688,9632930.0
2024-04-18,692.8099975585938,699.5,686.5999755859375,689.3200073242188,13851330.0
2024-04-19,684.0050048828125,715.0,681.0050048828125,711.9500122070312,12183750.0
2024-04-22,716.72998046875,730.5999755859375,716.72998046875,729.219970703125,11652720.0
2024-04-23,730.9000244140625,733.989990234375,723.6799926757812,725.989990234375,10815670.0
2024-04-24,728.2999877929688,741.9450073242188,725.0,732.9149780273438,8869290.0
2024-04-25,733.0,736.4849853515625,712.510009765625,729.489990234375,11733540.0
2024-04-26,700.0,700.0,669.1500244140625,673.1199951171875,58147230.0
2024-04-29,678.9949951171875,683.9600219726562,671.3049926757812,682.6599731445312,16810300.0
2024-04-30,682.9949951171875,697.5,682.1950073242188,692.35498046875,17986750.0
2024-05-02,693.7849731445312,696.9949951171875,686.5,688.27001953125,11395720.0
2024-05-03,732.9000244140625,740.0,690.6950073242188,693.1500244140625,68186010.0
2024-05-06,700.7949829101562,701.9949951171875,684.5,685.9849853515625,12299880.0
2024-05-07,688.9949951171875,694.3099975585938,678.7999877929688,687.2550048828125,12981260.0
2024-05-08,687.1500244140625,687.9550170898438,678.5,679.9450073242188,7259250.0
2024-05-09,679.989990234375,683.27001953125,658.5,660.5150146484375,13811150.0
2024-05-10,663.8900146484375,669.7999877929688,660.1199951171875,668.4149780273438,8249080.0
2024-05-13,668.4000244140625,674.4299926757812,662.0,671.875,5122560.0
2024-05-14,671.0,674.1849975585938,665.760009765625,667.5700073242188,7558400.0
2024-05-15,669.2000122070312,673.1950073242188,664.5050048828125,668.0,5950590.0
2024-05-16,670.0349731445312,676.2100219726562,662.3049926757812,674.7150268554688,10598510.0
2024-05-17,674.7000122070312,678.0,670.10498046875,672.739990234375,4801580.0
2024-05-21,670.5,678.5,670.5,674.2849731445312,7616240.0
2024-05-22,677.7449951171875,677.7449951171875,672.7249755859375,674.4550170898438,4160460.0
2024-05-23,675.9550170898438,685.3499755859375,673.0050048828125,682.6649780273438,7093170.0
2024-05-24,682.0,691.0,679.2999877929688,683.6900024414062,7420430.0
2024-05-27,685.9000244140625,695.9550170898438,681.0,689.5499877929688,6554710.0
2024-05-28,691.39501953125,694.5,685.6900024414062,687.3049926757812,7528670.0
2024-05-29,687.7999877929688,690.7999877929688,678.5349731445312,680.6699829101562,7213310.0
2024-05-30,677.989990234375,679.89501953125,659.405029296875,661.64501953125,11555750.0
2024-05-31,666.4949951171875,677.1950073242188,664.239990234375,669.77001953125,28417330.0
2024-06-03,694.885009765625,698.8699951171875,683.2949829101562,691.5549926757812,11482120.0
2024-06-04,691.594970703125,691.594970703125,637.5700073242188,650.9550170898438,32993870.0
2024-06-05,660.4000244140625,686.2000122070312,653.5549926757812,683.6649780273438,12185170.0
2024-06-06,685.0,701.2949829101562,682.22998046875,692.5800170898438,14657160.0
2024-06-07,699.5,729.9000244140625,694.0999755859375,719.1400146484375,29840520.0
2024-06-10,725.0,725.0,707.5250244140625,708.885009765625,8723180.0
2024-06-11,708.2999877929688,716.9000244140625,705.0999755859375,713.8099975585938,12052130.0
2024-06-12,714.7999877929688,727.7000122070312,711.5,721.7750244140625,12685080.0
2024-06-13,725.219970703125,732.5,723.2150268554688,729.4949951171875,13454950.0
2024-06-14,729.60498046875,737.0,724.7000122070312,734.155029296875,11874880.0
2024-06-18,736.5,742.9450073242188,730.0,733.469970703125,9469040.0
2024-06-19,733.469970703125,734.89501953125,717.7899780273438,723.39501953125,5204000.0
2024-06-20,722.0,726.489990234375,711.0999755859375,720.7100219726562,9001580.0
2024-06-21,723.9299926757812,726.5,707.5,713.4249877929688,14998180.0
2024-06-24,707.5999755859375,710.6950073242188,702.0549926757812,708.1849975585938,6356540.0
2024-06-25,710.0999755859375,714.0,699.7999877929688,707.4450073242188,15608110.0
2024-06-26,707.0,717.9249877929688,703.5,715.8200073242188,9125520.0
2024-06-27,715.0,723.9000244140625,708.3049926757812,716.6749877929688,11376060.0
2024-06-28,716.5,722.5999755859375,710.530029296875,711.5549926757812,8295840.0
2024-07-01,707.5,730.4000244140625,707.5,727.6749877929688,7727450.0
2024-07-02,727.5,727.594970703125,712.2000122070312,716.5599975585938,12810270.0
2024-07-03,718.9949951171875,728.4650268554688,717.0,725.8800048828125,8363930.0
2024-07-04,730.10498046875,732.5,710.0,710.7050170898438,18979770.0
2024-07-05,713.4000244140625,714.989990234375,707.7000122070312,713.7999877929688,9310790.0
2024-07-08,714.4949951171875,714.7650146484375,704.7000122070312,709.8250122070312,6777050.0
2024-07-09,710.9849853515625,714.239990234375,704.2000122070312,706.8049926757812,9735030.0
2024-07-10,706.7999877929688,712.9349975585938,702.0999755859375,705.4949951171875,8097140.0
2024-07-11,708.7899780273438,708.7899780273438,693.0,695.030029296875,9718010.0
2024-07-12,699.6950073242188,704.5,691.5050048828125,700.4299926757812,10688330.0
2024-07-15,702.0050048828125,708.5,699.5250244140625,706.375,5333730.0
2024-07-16,708.0,709.0,700.52001953125,705.9099731445312,5582000.0
2024-07-18,704.7100219726562,711.7899780273438,697.114990234375,711.0,8646050.0
2024-07-19,711.0,711.0,691.0,693.22998046875,9385980.0
2024-07-22,693.2000122070312,695.8599853515625,684.9400024414062,688.4249877929688,5751930.0
2024-07-23,693.4000244140625,694.4849853515625,662.0,672.7100219726562,19322120.0
2024-07-24,663.0,665.469970703125,654.10498046875,660.7150268554688,31006260.0
2024-07-25,656.0,666.5999755859375,655.14501953125,664.7750244140625,9509650.0
2024-07-26,667.5050048828125,680.8400268554688,666.7100219726562,678.9749755859375,11101840.0
2024-07-29,682.385009765625,685.5,676.5750122070312,681.2449951171875,7485650.0
2024-07-30,681.2449951171875,689.9000244140625,678.2999877929688,682.3599853515625,11794130.0
2024-07-31,682.6950073242188,685.5,679.2999877929688,680.6950073242188,8896590.0
2024-08-01,683.1500244140625,684.4000244140625,675.0,677.1649780273438,8395230.0
2024-08-02,672.5,675.0,667.3099975585938,672.5,6222180.0
2024-08-05,665.0,665.0,653.260009765625,659.6699829101562,9440410.0
2024-08-06,662.5999755859375,669.7000122070312,651.1500244140625,653.8350219726562,8918280.0
2024-08-07,660.0,665.9349975585938,658.1099853515625,663.7150268554688,4642840.0
2024-08-08,662.5050048828125,667.8049926757812,657.135009765625,658.219970703125,6903890.0
2024-08-09,670.0,670.0,659.0999755859375,661.8200073242188,6994900.0
2024-08-12,661.9099731445312,664.5,656.405029296875,660.8150024414062,6748870.0
2024-08-13,664.4949951171875,664.4949951171875,645.219970703125,646.5050048828125,10723270.0
2024-08-14,648.25,648.9949951171875,643.094970703125,645.8499755859375,7742760.0
2024-08-16,650.5,660.0,642.5,659.0900268554688,7534190.0
2024-08-19,663.7999877929688,665.5999755859375,659.3599853515625,661.635009765625,5287300.0
2024-08-20,664.7349853515625,677.3900146484375,661.635009765625,672.219970703125,9571590.0
2024-08-21,672.1950073242188,674.72998046875,669.5,673.5349731445312,6331110.0
2024-08-22,675.0,676.5,672.3900146484375,674.3599853515625,7282600.0
2024-08-23,675.5,676.2000122070312,670.4949951171875,673.5850219726562,6180450.0
2024-08-26,677.5999755859375,681.9000244140625,675.60498046875,677.8350219726562,8983430.0
2024-08-27,677.8350219726562,687.3350219726562,673.0,686.3599853515625,20359020.0
2024-08-28,687.5999755859375,691.7000122070312,685.2000122070312,690.0,8489860.0
2024-08-29,688.905029296875,715.7999877929688,688.155029296875,706.35498046875,26391590.0
2024-08-30,707.10498046875,721.5050048828125,707.10498046875,720.0150146484375,20443670.0
2024-09-02,727.4000244140625,745.0,722.9000244140625,744.0050048828125,22963780.0
2024-09-03,746.0,746.0,720.6099853515625,735.3800048828125,18986560.0
2024-09-04,725.4949951171875,737.7000122070312,724.5250244140625,729.9500122070312,8867460.0
2024-09-05,732.0,732.6649780273438,719.2999877929688,724.489990234375,6734470.0
2024-09-06,725.5549926757812,739.5,725.5549926757812,731.7150268554688,18428270.0
2024-09-09,732.4000244140625,737.7949829101562,726.280029296875,734.7449951171875,8789380.0
2024-09-10,736.9949951171875,736.9949951171875,719.2999877929688,724.1849975585938,13089320.0
2024-09-11,725.0,743.2000122070312,720.6300048828125,734.5549926757812,11048900.0
2024-09-12,742.0,744.0,729.6599731445312,742.8300170898438,14467640.0
2024-09-13,742.8300170898438,766.0,735.2000122070312,759.8499755859375,22084380.0
2024-09-16,768.0,768.0,732.2000122070312,734.5750122070312,26795550.0
2024-09-17,733.75,745.5,728.614990234375,736.5499877929688,15677860.0
2024-09-18,738.7249755859375,767.25,737.8499755859375,763.1099853515625,29749930.0
2024-09-19,767.5,774.7999877929688,756.0,759.0349731445312,17206440.0
2024-09-20,763.5,765.5,748.7249755859375,758.2449951171875,16450040.0
2024-09-23,762.5750122070312,763.594970703125,753.1699829101562,759.510009765625,5734970.0
2024-09-24,759.7000122070312,760.344970703125,748.3900146484375,755.4199829101562,10695400.0
2024-09-25,754.5,764.0,749.8049926757812,762.3900146484375,12720380.0
2024-09-26,764.0,777.9400024414062,758.7550048828125,776.8400268554688,16681650.0
2024-09-27,778.0,781.0,771.0999755859375,775.5999755859375,11781310.0
2024-09-30,774.5999755859375,782.4000244140625,767.614990234375,770.2999877929688,9619520.0
2024-10-01,766.010009765625,781.4650268554688,765.0999755859375,770.2999877929688,7882880.0
2024-10-03,761.0,770.0,738.0999755859375,743.385009765625,10406620.0
2024-10-04,742.0,743.0,715.5,721.135009765625,17681110.0
2024-10-07,721.135009765625,732.4000244140625,719.030029296875,726.9400024414062,9362270.0
2024-10-08,726.4849853515625,729.5399780273438,716.0050048828125,718.6950073242188,9038050.0
2024-10-09,721.5999755859375,742.6799926757812,720.6099853515625,730.0449829101562,10543750.0
2024-10-10,732.0,736.7999877929688,727.2999877929688,731.969970703125,5594270.0
2024-10-11,732.5,733.0,722.60498046875,730.2000122070312,3615870.0
2024-10-14,729.27001953125,731.385009765625,720.0,720.8800048828125,4451810.0
2024-10-15,724.489990234375,725.614990234375,697.9000244140625,701.6900024414062,14855670.0
2024-10-16,701.0,705.9349975585938,692.0,695.635009765625,11256980.0
2024-10-17,698.094970703125,699.8800048828125,687.0999755859375,689.9500122070312,6897550.0
2024-10-18,689.2999877929688,693.864990234375,682.0700073242188,689.9550170898438,7449290.0
2024-10-21,690.905029296875,695.0750122070312,671.7249755859375,678.0900268554688,22099660.0
2024-10-22,680.0,683.2999877929688,664.364990234375,667.7899780273438,17006190.0
2024-10-23,660.5750122070312,709.885009765625,660.0999755859375,699.5800170898438,26373910.0
2024-10-24,701.25,712.2849731445312,699.0599975585938,704.0900268554688,8951250.0
2024-10-25,704.0900268554688,705.9949951171875,689.3300170898438,691.0150146484375,10223240.0
2024-10-28,692.0,704.5,687.5,691.135009765625,7149810.0
2024-10-29,690.9099731445312,706.0,680.219970703125,702.25,14097500.0
2024-10-30,699.9000244140625,702.0449829101562,693.2000122070312,695.5,5660440.0
2024-10-31,694.9000244140625,697.0800170898438,687.9749755859375,688.9749755859375,7301530.0
2024-11-01,693.0,694.4550170898438,690.2000122070312,692.3599853515625,450110.0
2024-11-04,697.5,697.5,675.2899780273438,684.3699951171875,7162390.0
2024-11-05,684.5,701.4949951171875,671.2000122070312,693.0349731445312,12234300.0
2024-11-06,693.5,702.4099731445312,689.22998046875,700.6199951171875,6962620.0
2024-11-07,700.6199951171875,703.89501953125,687.0,690.4500122070312,4590470.0
2024-11-08,690.4500122070312,695.155029296875,684.0999755859375,689.594970703125,4248400.0
2024-11-11,686.0,690.4199829101562,675.2150268554688,677.8800048828125,7623160.0
2024-11-12,681.9000244140625,683.6849975585938,661.5,663.8200073242188,10572330.0
2024-11-13,663.5,670.2249755859375,652.6599731445312,656.5999755859375,8673470.0
2024-11-14,657.22998046875,663.9450073242188,653.0,654.9149780273438,5277030.0
2024-11-18,663.2999877929688,665.7000122070312,655.5,656.7949829101562,5965350.0
2024-11-19,659.4349975585938,664.47998046875,656.0999755859375,659.530029296875,8040460.0
2024-11-21,661.4000244140625,661.4000244140625,645.0999755859375,646.5650024414062,11010800.0
2024-11-22,647.0,672.239990234375,645.60498046875,668.39501953125,9698550.0
2024-11-25,678.989990234375,686.2999877929688,666.72998046875,668.5399780273438,11327510.0
2024-11-26,672.2000122070312,673.97998046875,660.844970703125,661.7949829101562,6632780.0
2024-11-27,665.0,673.3300170898438,661.2249755859375,670.52001953125,6420100.0
2024-11-28,671.4000244140625,672.625,649.5,650.9400024414062,15768820.0
2024-11-29,651.9000244140625,660.9000244140625,651.0349731445312,657.5900268554688,7096430.0
2024-12-02,659.5,666.5,649.0999755859375,665.0650024414062,9202490.0
2024-12-03,669.614990234375,672.239990234375,663.0800170898438,667.5449829101562,13136660.0
2024-12-04,670.1749877929688,676.4400024414062,666.6849975585938,674.0,11304410.0
2024-12-05,676.0,688.989990234375,668.5449829101562,685.0399780273438,13482430.0
2024-12-06,687.594970703125,693.5,677.864990234375,685.030029296875,8332070.0
2024-12-09,685.010009765625,692.5,682.7899780273438,686.8350219726562,8409100.0
2024-12-10,688.47998046875,695.885009765625,684.405029296875,693.6199951171875,12045630.0
2024-12-11,695.989990234375,716.5,689.3099975585938,711.510009765625,19931040.0
2024-12-12,712.1849975585938,714.8400268554688,707.5,712.5800170898438,9667960.0
2024-12-13,709.9000244140625,721.7249755859375,698.0599975585938,718.280029296875,12504360.0
2024-12-16,718.280029296875,724.7999877929688,715.6099853515625,720.8400268554688,7960740.0
2024-12-17,720.0,725.739990234375,711.0,715.280029296875,10318560.0
2024-12-18,714.9000244140625,717.8800048828125,706.0399780273438,707.4450073242188,7275140.0
2024-12-19,695.0,702.4450073242188,688.7849731445312,691.85498046875,9076750.0
2024-12-20,691.3350219726562,702.4000244140625,680.469970703125,684.8250122070312,27000190.0
2024-12-23,689.7000122070312,697.6900024414062,685.594970703125,686.6699829101562,5829280.0
2024-12-24,688.2000122070312,691.0,679.4000244140625,680.8200073242188,6014270.0
2024-12-26,683.0399780273438,685.7999877929688,680.0050048828125,681.5750122070312,3290960.0
2024-12-27,684.6849975585938,697.6699829101562,683.0399780273438,690.7750244140625,5554180.0
2024-12-30,690.0,699.5,686.5,688.8250122070312,4908760.0
2024-12-31,686.9949951171875,687.7000122070312,679.2000122070312,682.2999877929688,6153980.0
2025-01-01,682.2999877929688,694.7949829101562,680.5999755859375,693.530029296875,4187210.0
2025-01-02,698.0,743.0,697.0999755859375,738.9199829101562,31716510.0
2025-01-03,738.9749755859375,750.0,735.9249877929688,740.7249755859375,15059280.0
2025-01-06,750.0,759.989990234375,731.6749877929688,734.9349975585938,19059760.0
2025-01-07,735.4949951171875,744.6900024414062,730.14501953125,735.39501953125,10425380.0
2025-01-08,736.1849975585938,738.844970703125,725.6699829101562,735.5399780273438,8444660.0
2025-01-09,733.844970703125,735.5399780273438,723.5999755859375,727.7449951171875,6681410.0
2025-01-10,727.7449951171875,736.7050170898438,724.5050048828125,728.8049926757812,8089630.0
2025-01-13,724.0,725.510009765625,713.4000244140625,715.094970703125,6642740.0
2025-01-14,723.0,738.7999877929688,719.114990234375,733.5,9980110.0
2025-01-15,734.0499877929688,735.0,710.52001953125,717.739990234375,6817500.0
2025-01-16,720.0,728.9000244140625,719.405029296875,725.9749755859375,8608490.0
2025-01-17,722.0999755859375,728.4949951171875,715.6300048828125,718.2100219726562,6652740.0
2025-01-20,718.2100219726562,747.0,718.2100219726562,744.010009765625,10679710.0
2025-01-21,745.0,748.5,727.760009765625,729.1649780273438,10032060.0
2025-01-22,733.9000244140625,742.0250244140625,726.0349731445312,739.7150268554688,7273680.0
2025-01-23,734.0999755859375,752.4000244140625,732.5,744.3250122070312,10302950.0
2025-01-24,744.3250122070312,750.5,733.8300170898438,743.8599853515625,6796870.0
2025-01-27,738.010009765625,747.4500122070312,726.0,729.5449829101562,6928100.0
2025-01-28,739.0,770.6799926757812,734.5,760.6599731445312,24789330.0
2025-01-29,765.7249755859375,778.7000122070312,756.89501953125,775.9650268554688,15149200.0
2025-01-30,785.0,825.0650024414062,785.0,790.1649780273438,56488830.0
2025-01-31,792.5,798.0650024414062,779.0999755859375,788.510009765625,18335460.0
2025-02-01,788.0,810.9949951171875,778.4400024414062,800.010009765625,16153780.0
2025-02-03,792.219970703125,843.9299926757812,792.10498046875,842.5800170898438,43369260.0
2025-02-04,842.5,849.0,830.2999877929688,847.5349731445312,19663000.0
2025-02-05,850.0,858.8699951171875,844.5499877929688,850.9450073242188,18674930.0
2025-02-06,853.4249877929688,866.280029296875,846.2000122070312,850.72998046875,17094730.0
2025-02-07,858.5,858.5,838.3900146484375,847.4249877929688,9665400.0
2025-02-10,847.8800048828125,848.7999877929688,822.0,828.6799926757812,12438380.0
2025-02-11,829.9000244140625,835.510009765625,813.9349975585938,819.1199951171875,9630590.0
2025-02-12,814.9650268554688,828.4000244140625,802.5,821.405029296875,14837310.0
2025-02-13,819.7050170898438,849.7999877929688,819.7050170898438,840.9000244140625,18003130.0
2025-02-14,840.85498046875,845.5599975585938,828.2000122070312,839.22998046875,8633150.0
2025-02-17,822.0250244140625,848.7999877929688,822.0250244140625,842.6599731445312,8627990.0
2025-02-18,843.0,848.0,836.0700073242188,846.5900268554688,8689770.0
2025-02-19,845.9149780273438,852.9000244140625,840.0,843.9450073242188,8961980.0
2025-02-20,835.5850219726562,845.5599975585938,834.5650024414062,839.9450073242188,7900700.0
2025-02-21,836.0,842.030029296875,828.7999877929688,839.6699829101562,6086470.0
2025-02-24,832.7999877929688,839.9000244140625,831.10498046875,835.4949951171875,3552600.0
2025-02-25,835.4949951171875,852.6649780273438,833.8049926757812,848.8800048828125,10985410.0
2025-02-27,854.260009765625,873.9000244140625,854.260009765625,870.5399780273438,18382830.0
2025-02-28,866.5,867.0,851.0050048828125,853.030029296875,17545800.0
2025-03-03,853.5999755859375,865.0800170898438,843.8099975585938,862.7849731445312,8749960.0
2025-03-04,852.219970703125,861.9299926757812,851.364990234375,858.594970703125,7655060.0
2025-03-05,845.5,850.0,822.0999755859375,829.8699951171875,16300920.0
2025-03-06,836.5,845.97998046875,827.5549926757812,841.0850219726562,8814220.0
2025-03-07,840.989990234375,847.0,836.64501953125,840.4500122070312,4729460.0
2025-03-10,843.7750244140625,863.7899780273438,832.60498046875,834.260009765625,10164530.0
2025-03-11,830.5,837.5,821.125,834.0449829101562,8135670.0
2025-03-12,834.1099853515625,852.4500122070312,827.2550048828125,848.4450073242188,20882230.0
2025-03-13,850.0,856.0,839.2999877929688,842.0449829101562,12173510.0
2025-03-17,839.9199829101562,862.9949951171875,838.5999755859375,858.0349731445312,11020850.0
2025-03-18,858.0349731445312,858.0349731445312,858.0349731445312,858.0349731445312,0.0
2025-03-19,870.0,887.9000244140625,868.260009765625,873.1599731445312,12898200.0
2025-03-20,872.5,876.8049926757812,854.114990234375,867.9650268554688,7924330.0
2025-03-21,903.9949951171875,908.9000244140625,883.0999755859375,891.6099853515625,27448010.0
2025-03-24,909.594970703125,911.5,892.7000122070312,909.0050048828125,14332170.0
2025-03-25,912.5,926.0050048828125,897.7050170898438,906.7249755859375,17482600.0
2025-03-26,910.2050170898438,912.6900024414062,884.9949951171875,886.60498046875,8862110.0
2025-03-27,886.0999755859375,905.5399780273438,882.2249755859375,900.385009765625,20920440.0
2025-03-28,899.760009765625,902.8900146484375,886.0999755859375,894.5599975585938,9770990.0
2025-04-01,878.3300170898438,892.5,867.0999755859375,869.8200073242188,11834240.0
2025-04-02,873.0,875.9849853515625,861.2000122070312,866.9249877929688,6464950.0
2025-04-03,865.0,876.5,846.02001953125,859.4600219726562,13966330.0
2025-04-04,865.5999755859375,879.7000122070312,858.3800048828125,871.885009765625,18496580.0
2025-04-07,834.0,860.0499877929688,830.7150268554688,856.7999877929688,13981240.0
2025-04-08,865.0,887.2999877929688,865.0,882.2249755859375,14775630.0
2025-04-09,881.5,884.2000122070312,862.5,873.5800170898438,10487740.0
2025-04-11,882.5050048828125,897.3499755859375,881.0700073242188,892.1099853515625,10097220.0
2025-04-15,925.5499877929688,929.0,907.5499877929688,914.0999755859375,12633610.0
2025-04-16,914.9500122070312,917.1500244140625,896.4000244140625,905.6500244140625,7198220.0
2025-04-17,904.0,919.0,895.2000122070312,916.25,11415130.0
2025-04-21,917.0,931.5,914.1500244140625,927.3499755859375,7824150.0
2025-04-22,929.5,939.2999877929688,923.0,926.0499877929688,11293580.0
2025-04-23,928.2000122070312,934.8499755859375,915.0,932.2999877929688,10818710.0
2025-04-24,962.0,966.0,927.2999877929688,930.0999755859375,18496710.0
2025-04-25,931.0499877929688,934.4500122070312,899.0,911.2000122070312,10893540.0
2025-04-28,908.0,912.5,900.0499877929688,909.2999877929688,9946560.0
2025-04-29,913.0,914.5999755859375,896.0,909.2999877929688,11768180.0
2025-04-30,884.0,888.7999877929688,855.5999755859375,863.4500122070312,39690570.0
2025-05-02,857.5499877929688,891.5,856.5999755859375,886.8499755859375,18933030.0
2025-05-05,887.75,903.2999877929688,886.5999755859375,893.2000122070312,8930610.0
2025-05-06,891.0999755859375,897.4000244140625,875.0,879.75,12040870.0
2025-05-07,875.0,899.75,872.2999877929688,898.6500244140625,11635570.0
2025-05-08,897.7000122070312,907.4500122070312,877.5,883.25,12018090.0
2025-05-09,865.0,878.0999755859375,860.5,864.0999755859375,12151340.0
2025-05-12,884.9000244140625,903.0,882.5499877929688,901.8499755859375,10638220.0
2025-05-13,900.4000244140625,916.3499755859375,899.0999755859375,904.2000122070312,13363000.0
2025-05-14,904.5,911.0499877929688,901.2000122070312,908.0999755859375,7594000.0
2025-05-15,909.9500122070312,921.5,902.7999877929688,918.8499755859375,10385000.0
2025-05-16,918.8499755859375,928.5999755859375,913.3499755859375,916.7000122070312,6251920.0
2025-05-19,916.7000122070312,928.9500122070312,916.7000122070312,925.5499877929688,7162740.0
2025-05-20,929.7999877929688,931.0,906.9000244140625,907.9000244140625,8106160.0
2025-05-21,910.0,928.0,902.8499755859375,919.75,7321500.0
2025-05-22,919.75,919.9000244140625,907.0499877929688,913.9000244140625,6159740.0
2025-05-23,913.9000244140625,928.6500244140625,911.0999755859375,924.3499755859375,4251690.0
2025-05-26,925.5,933.6500244140625,925.0,926.9500122070312,5476790.0
2025-05-27,927.0,929.0,914.2999877929688,917.0999755859375,7150000.0
2025-05-28,924.5,929.4500122070312,914.0999755859375,926.75,6507400.0
2025-05-29,925.0,927.9500122070312,916.0,920.4000244140625,7081750.0
2025-05-30,917.0,920.3499755859375,912.0999755859375,918.0499877929688,15041740.0
2025-06-02,913.0,916.5,904.0,911.8499755859375,6619630.0
2025-06-03,910.5999755859375,912.7999877929688,897.0,897.9000244140625,9080270.0
2025-06-04,897.5,903.9500122070312,896.4500122070312,898.7000122070312,5544930.0
2025-06-05,898.7000122070312,898.7000122070312,886.9500122070312,893.4000244140625,7853320.0
2025-06-06,894.5,943.4000244140625,887.5999755859375,937.1500244140625,19783860.0
2025-06-09,955.0,978.7999877929688,940.2999877929688,960.75,23496010.0
2025-06-10,970.0,970.0,948.5499877929688,949.75,9044040.0
2025-06-11,949.0,957.0,940.4000244140625,942.5,11860810.0
2025-06-12,944.9000244140625,953.2999877929688,935.5,936.8499755859375,12388330.0
2025-06-13,915.0,936.5499877929688,914.7000122070312,933.0999755859375,10182020.0
2025-06-16,956.0,956.0,925.0,938.0,7016290.0
2025-06-17,941.5,943.5,917.5,923.0,6110175.0
2025-06-18,927.0,932.5,915.0,919.0,5002923.0
2025-06-19,919.0,922.5,894.0,900.5,6585940.0
2025-06-20,897.0,907.5,886.0,905.0,14320241.0
2025-06-23,899.0,918.0,890.5,915.5,5870597.0
2025-06-24,920.0,936.0,914.5,916.5,11555634.0
2025-06-25,918.0,930.0,916.0,928.0,6623799.0
2025-06-26,930.0,953.5,928.5,951.5,11677790.0
2025-06-27,950.0,959.5,936.0,947.0,21637194.0
2025-06-30,956.0,956.0,934.0,936.5,6086081.0
2025-07-01,932.5,941.7999877929688,928.0,936.6500244140625,5381327.0
2025-07-02,933.0,939.8499755859375,914.0,923.0,9394493.0
2025-07-03,922.0,924.5,905.2000122070312,910.1500244140625,7606558.0
2025-07-04,922.0,940.7000122070312,919.0,925.2999877929688,10613046.0
2025-07-07,925.0,929.2999877929688,918.0999755859375,924.6500244140625,3383973.0
2025-07-08,918.7999877929688,929.5,918.7999877929688,927.6500244140625,3851432.0
2025-07-09,926.5,946.0,924.0,940.5999755859375,5341529.0
2025-07-10,943.0,951.7000122070312,942.25,947.6500244140625,5409906.0
2025-07-11,938.7000122070312,947.1500244140625,931.5499877929688,933.5,4278038.0
2025-07-14,932.0,932.0,911.2999877929688,918.8499755859375,6657978.0
2025-07-15,919.0,930.5999755859375,918.0,928.4000244140625,3892075.0
2025-07-16,924.0,927.0,919.4000244140625,921.75,3952491.0
2025-07-17,925.9500122070312,926.25,916.0,923.2999877929688,4583882.0
2025-07-18,920.5,944.9000244140625,920.0,942.0,7893820.0
2025-07-21,938.9000244140625,951.0,937.3499755859375,948.4500122070312,4660232.0
2025-07-22,955.0,962.0,940.0,952.5499877929688,6237382.0
2025-07-23,954.0,970.9500122070312,953.6500244140625,968.2999877929688,9694991.0
2025-07-24,970.0,970.0,954.0,958.9500122070312,5189112.0
2025-07-25,906.4000244140625,924.9000244140625,898.0,913.75,24415481.0
2025-07-28,909.25,913.75,879.0,880.5,14011284.0
2025-07-29,875.0499877929688,894.0,873.5,886.5499877929688,11323854.0
2025-07-30,890.9500122070312,892.5999755859375,875.0,884.8499755859375,5054496.0
2025-07-31,872.0,887.8499755859375,868.0,881.2000122070312,6999179.0
2025-08-01,884.7999877929688,895.8499755859375,873.0,875.5999755859375,5300299.0
2025-08-04,874.0,886.75,873.7000122070312,885.2999877929688,3969985.0
2025-08-05,889.0,893.5999755859375,882.4000244140625,891.9000244140625,4446791.0
2025-08-06,888.0,895.5,874.5999755859375,876.6500244140625,4212648.0
2025-08-07,871.0,882.0,867.25,879.0999755859375,5998002.0
2025-08-08,877.0,888.2999877929688,876.0,877.1500244140625,3736916.0
2025-08-11,877.1500244140625,888.2999877929688,872.75,877.7999877929688,5367926.0
2025-08-12,877.2000122070312,884.9000244140625,851.5,853.0,8257312.0
2025-08-13,854.5499877929688,864.0,849.0,860.0,10117225.0
2025-08-14,860.0,866.9000244140625,855.4500122070312,861.4500122070312,5379250.0
2025-08-18,875.0,919.6500244140625,875.0,905.2000122070312,16277779.0
2025-08-19,905.9500122070312,909.9000244140625,890.5,902.2999877929688,5764382.0
2025-08-20,900.5499877929688,902.0,886.0499877929688,887.7999877929688,5561646.0
2025-08-21,888.0,901.2999877929688,884.0,895.5999755859375,6697533.0
2025-08-22,895.0,903.9000244140625,892.0,894.5,6424895.0
2025-08-25,902.0999755859375,908.0,898.1500244140625,900.7999877929688,5837876.0
2025-08-26,899.9500122070312,901.9000244140625,873.5,876.25,6712926.0
2025-08-28,870.2000122070312,884.5,869.7000122070312,876.8499755859375,8349342.0
2025-08-29,870.8499755859375,888.0,870.8499755859375,877.8499755859375,5672446.0
2025-09-01,877.8499755859375,894.7999877929688,877.8499755859375,889.3499755859375,4101526.0
2025-09-02,895.0,899.5499877929688,886.1500244140625,890.0999755859375,6103185.0
2025-09-03,892.7000122070312,898.8499755859375,880.0499877929688,896.2999877929688,5493809.0
2025-09-04,915.0,948.0,912.25,934.75,21738706.0
2025-09-05,942.0,942.3499755859375,932.0,937.5999755859375,5467260.0
2025-09-08,937.5999755859375,949.6500244140625,935.6500244140625,944.2999877929688,5657331.0
2025-09-09,944.0,949.4000244140625,940.0,948.4000244140625,5417393.0
2025-09-10,951.0499877929688,969.6500244140625,947.7000122070312,967.9500122070312,6836239.0
2025-09-11,968.0,975.9000244140625,965.5999755859375,970.25,5982627.0
2025-09-12,972.25,1004.5999755859375,970.8499755859375,1003.25,11412561.0
2025-09-15,999.0,1025.699951171875,998.0999755859375,1009.8499755859375,9989753.0
2025-09-16,1005.8499755859375,1015.2999877929688,1000.0,1003.25,7602155.0
2025-09-17,1010.0,1011.7999877929688,1000.3499755859375,1007.5,6995023.0
2025-09-18,1007.0,1009.7999877929688,990.0,996.5,9738376.0
2025-09-19,991.0,996.0,988.5999755859375,992.4500122070312,6736440.0
2025-09-22,989.9500122070312,1010.9000244140625,989.0,1006.5,4250045.0
2025-09-23,999.0,1028.800048828125,999.0,1025.5,10230040.0
2025-09-24,1021.5,1036.0,1020.4000244140625,1029.75,6433184.0
2025-09-25,1020.0,1031.0999755859375,1008.0,1012.75,16731453.0
2025-09-26,1008.0499877929688,1010.5,981.0499877929688,985.0999755859375,9109737.0
2025-09-29,990.0,997.7999877929688,981.0999755859375,990.9500122070312,5804877.0
2025-09-30,990.0,1002.2999877929688,989.4500122070312,998.9000244140625,7182200.0
2025-10-01,991.5,1000.0,977.75,987.7000122070312,6932272.0
2025-10-03,975.0,992.2000122070312,972.0,989.75,7692197.0
2025-10-06,993.0,1023.0,992.0999755859375,1008.9000244140625,9299635.0
2025-10-07,1008.9000244140625,1029.5,1008.9000244140625,1016.5499877929688,7991437.0
2025-10-08,1012.0499877929688,1028.0,1012.0499877929688,1023.1500244140625,4448915.0
2025-10-09,1023.0,1029.0,1014.9500122070312,1024.0999755859375,4444154.0
2025-10-10,1018.0999755859375,1027.5,1017.0,1023.8499755859375,3714548.0
2025-10-13,1023.8499755859375,1040.0,1021.5,1036.75,7684523.0
2025-10-14,1040.0,1042.0999755859375,1011.3499755859375,1019.1500244140625,7668358.0
2025-10-15,1026.0,1063.0,1018.4000244140625,1059.9000244140625,10205158.0
2025-10-16,1062.0,1081.0999755859375,1058.8499755859375,1065.75,9901992.0
2025-10-17,1056.0999755859375,1076.449951171875,1056.0999755859375,1070.0999755859375,5761670.0
2025-10-20,1081.5,1086.5,1072.199951171875,1081.0,5700858.0
2025-10-21,1084.9000244140625,1089.0,1081.0,1086.5,911624.0
2025-10-23,1090.0,1102.5,1083.9000244140625,1094.1500244140625,11143407.0
2025-10-24,1093.5,1098.5999755859375,1087.4000244140625,1089.75,6440277.0
2025-10-27,1090.949951171875,1094.0,1075.75,1084.4000244140625,7366175.0
2025-10-28,1078.0,1092.4000244140625,1063.050048828125,1072.75,12324341.0
2025-10-29,1072.0,1079.1500244140625,1061.25,1062.949951171875,5386803.0
2025-10-30,1063.0,1066.800048828125,1045.0,1052.300048828125,4271927.0
2025-10-31,1052.0,1069.449951171875,1041.4000244140625,1042.800048828125,5315632.0
2025-11-03,1037.0,1048.0,1031.0,1043.0999755859375,4135617.0
2025-11-04,1040.0,1060.4000244140625,1035.0,1057.0,6202540.0
2025-11-06,1037.0,1052.800048828125,1035.0,1041.9000244140625,5776277.0
2025-11-07,1039.0,1076.9000244140625,1034.199951171875,1066.5999755859375,6940923.0
2025-11-10,1066.5999755859375,1088.0,1062.9000244140625,1085.0,5692236.0
2025-11-11,1043.699951171875,1043.699951171875,997.0,1005.2000122070312,23762890.0
2025-11-12,1011.0,1018.4000244140625,1008.7999877929688,1013.2000122070312,11131278.0
2025-11-13,1012.5,1019.4000244140625,1003.5,1005.4000244140625,8503994.0
2025-11-14,1004.9000244140625,1019.9000244140625,1002.5999755859375,1018.5,4381122.0
2025-11-17,1021.0,1033.0,1017.0,1026.800048828125,6011603.0
2025-11-18,1021.2000122070312,1024.0999755859375,1011.7000122070312,1013.5999755859375,4562185.0
2025-11-19,1009.0,1016.0999755859375,1004.5999755859375,1005.5999755859375,5158832.0
2025-11-20,1015.0,1031.699951171875,1007.2999877929688,1028.5999755859375,5459073.0
2025-11-21,1020.0,1027.5999755859375,1001.5,1004.0999755859375,6304584.0
2025-11-24,1005.0,1009.2999877929688,990.0,994.0,9574900.0
2025-11-25,995.0,996.9000244140625,984.5,986.2000122070312,6376983.0
2025-11-26,986.2000122070312,1012.7999877929688,981.2999877929688,1010.7000122070312,9772235.0
2025-11-27,1015.5999755859375,1044.9000244140625,1010.9000244140625,1033.800048828125,12076038.0
2025-11-28,1038.0,1043.5,1031.0,1037.5,4983147.0
2025-12-01,1041.9000244140625,1042.0,1018.7999877929688,1021.0999755859375,6459837.0
2025-12-02,1014.5,1036.0,1013.9000244140625,1025.5,6706145.0
2025-12-03,1021.0,1026.300048828125,1014.2000122070312,1021.4000244140625,5895670.0
2025-12-04,1018.0,1032.300048828125,1016.0,1029.0999755859375,5404918.0
2025-12-05,1028.9000244140625,1061.0,1026.5,1048.0,13123572.0
2025-12-08,1048.0,1049.800048828125,1023.0,1026.4000244140625,5189635.0
2025-12-09,1025.0,1026.0,1013.7000122070312,1016.7000122070312,5968501.0
2025-12-10,1016.0,1021.7000122070312,1007.2999877929688,1010.2999877929688,4990527.0
2025-12-11,1011.9000244140625,1020.5,1000.0999755859375,1006.4000244140625,4670539.0
2025-12-12,1000.0,1020.7999877929688,1000.0,1017.2999877929688,4381711.0
2025-12-15,1015.0,1016.5,1008.0,1012.7000122070312,3958977.0
2025-12-16,1007.5,1010.5999755859375,996.5,998.4000244140625,3861617.0
2025-12-17,1000.0,1011.2000122070312,995.2999877929688,999.5999755859375,4695550.0
2025-12-18,1002.0999755859375,1009.7000122070312,995.0,1000.2999877929688,3103997.0
2025-12-19,1003.2000122070312,1014.0,1002.5,1008.2999877929688,5126009.0
2025-12-22,1008.2999877929688,1015.4000244140625,1005.0,1007.7999877929688,3921237.0
2025-12-23,1013.5,1018.0,1005.7000122070312,1011.4000244140625,4712043.0
2025-12-24,1011.0,1037.4000244140625,1006.0,1011.7000122070312,5984816.0
2025-12-26,1011.7000122070312,1011.7000122070312,998.0,1000.0,5211460.0
2025-12-29,1003.0,1003.9000244140625,989.5999755859375,998.0,6715489.0
2025-12-30,994.0999755859375,997.5999755859375,987.0999755859375,989.2999877929688,7473887.0
2025-12-31,990.0,994.2000122070312,978.4000244140625,986.7999877929688,9895270.0
2026-01-01,988.2000122070312,989.0,969.0,973.0999755859375,7118751.0
2026-01-02,972.9000244140625,994.2000122070312,960.5999755859375,990.4500122070312,6206869.0
2026-01-05,979.7000122070312,999.1500244140625,975.0,978.75,10564157.0
2026-01-06,978.0,987.0,973.2999877929688,977.3499755859375,8380183.0
2026-01-07,973.0499877929688,976.4500122070312,965.0499877929688,968.7999877929688,7048491.0
2026-01-08,968.5,978.3499755859375,965.2999877929688,971.9500122070312,4410256.0
2026-01-09,970.0999755859375,983.0,953.7000122070312,959.5999755859375,7598970.0
2026-01-12,958.7999877929688,961.4000244140625,939.8499755859375,951.9000244140625,5640136.0
2026-01-13,950.0,955.8499755859375,939.0,949.0,6765116.0
2026-01-14,947.0,953.9000244140625,943.1500244140625,945.9500122070312,4452202.0
2026-01-15,945.9500122070312,945.9500122070312,945.9500122070312,945.9500122070312,0.0
2026-01-16,940.2000122070312,963.0,936.7999877929688,950.25,10710080.0
2026-01-19,950.5,972.9000244140625,948.8499755859375,969.4500122070312,7000442.0
2026-01-20,975.7000122070312,975.7000122070312,927.9000244140625,933.2000122070312,9001207.0
2026-01-21,925.0,947.2999877929688,921.0,936.25,5375254.0
2026-01-22,947.0,947.0,934.25,942.8499755859375,5518756.0
2026-01-23,942.8499755859375,951.4000244140625,926.2999877929688,927.8499755859375,6535035.0
2026-01-27,930.0,931.9500122070312,907.7000122070312,914.7000122070312,15312488.0
2026-01-28,914.7000122070312,936.9000244140625,914.7000122070312,935.1500244140625,6046468.0
2026-01-29,935.1500244140625,939.7999877929688,923.7000122070312,935.1500244140625,6430445.0
2026-01-30,928.3499755859375,938.0,925.1500244140625,929.8499755859375,10151379.0
2026-02-02,887.0,909.4000244140625,887.0,903.7000122070312,11874989.0
2026-02-03,960.0,972.7999877929688,941.9000244140625,964.4000244140625,15261370.0
2026-02-04,965.0,975.7000122070312,944.1500244140625,963.2999877929688,17489015.0
2026-02-05,964.0,968.5,953.0,964.75,6020258.0
2026-02-06,973.9500122070312,986.5,966.0999755859375,981.7000122070312,13742927.0
2026-02-09,988.0,988.0,971.5999755859375,983.1500244140625,4852548.0
2026-02-10,983.1500244140625,985.1500244140625,961.2999877929688,965.5999755859375,6166752.0
2026-02-11,965.2999877929688,974.5,961.4000244140625,968.9500122070312,3597342.0
2026-02-12,968.2999877929688,1002.0,965.0,999.0999755859375,10346853.0
2026-02-13,995.0,1032.0,992.7999877929688,1024.75,21613987.0
2026-02-16,1023.0499877929688,1029.300048828125,1003.2999877929688,1012.75,4460636.0
2026-02-17,1012.75,1016.3499755859375,1004.0,1014.1500244140625,2913899.0
2026-02-18,1014.5499877929688,1025.699951171875,1007.0499877929688,1023.7999877929688,4929647.0
2026-02-19,1024.0,1024.5,1007.0,1017.0499877929688,9866245.0
2026-02-20,1015.9000244140625,1036.5999755859375,1008.75,1030.199951171875,6922705.0
2026-02-23,1032.449951171875,1046.0,1029.050048828125,1031.0,9452225.0
2026-02-24,1026.300048828125,1028.75,1010.2999877929688,1023.5499877929688,6610984.0
2026-02-25,1028.0,1034.0,1013.4000244140625,1021.0499877929688,3182612.0
2026-02-26,1020.75,1031.199951171875,1006.0499877929688,1012.9500122070312,4336261.0
2026-02-27,1008.9500122070312,1014.9000244140625,993.0999755859375,995.9000244140625,8145772.0
2026-03-02,971.0,990.4000244140625,968.0,978.25,8493269.0
2026-03-04,967.0,967.0,941.2999877929688,945.0999755859375,8964293.0
2026-03-05,958.0,968.25,945.9000244140625,962.4000244140625,6181254.0
2026-03-06,960.0,961.5,946.5999755859375,950.2000122070312,6560051.0
2026-03-09,921.7999877929688,941.0999755859375,909.0499877929688,938.0499877929688,9182152.0
2026-03-10,950.0,952.1500244140625,931.8499755859375,939.7999877929688,8474956.0
2026-03-11,932.2000122070312,941.25,890.0,893.6500244140625,11172537.0
2026-03-12,880.0999755859375,888.2000122070312,858.3499755859375,863.0999755859375,15508258.0
2026-03-13,861.0,868.3499755859375,848.7999877929688,855.0499877929688,6668639.0
2026-03-16,850.0999755859375,881.9000244140625,850.0999755859375,878.1500244140625,8982957.0
2026-03-17,878.1500244140625,881.0499877929688,859.5499877929688,868.5999755859375,7941385.0
2026-03-18,876.0999755859375,893.9500122070312,858.2000122070312,880.0999755859375,12375517.0
2026-03-19,868.2000122070312,869.9000244140625,826.7000122070312,832.2000122070312,11585591.0
2026-03-20,836.7000122070312,841.9500122070312,819.25,830.5499877929688,14881843.0
2026-03-23,818.0999755859375,818.7999877929688,787.9000244140625,812.5999755859375,15835828.0
2026-03-24,830.0,854.0,817.5999755859375,849.0,18828248.0
2026-03-25,862.0499877929688,888.7999877929688,853.2999877929688,882.75,15995501.0
2026-03-27,875.0,875.1500244140625,841.25,843.7999877929688,11282824.0
2026-03-30,831.0,834.9000244140625,799.0,801.5499877929688,20377282.0
2026-04-01,832.7999877929688,842.0499877929688,814.7999877929688,817.2999877929688,15094026.0
2026-04-02,809.0,830.0499877929688,792.4500122070312,826.8499755859375,9113618.0
2026-04-06,828.9000244140625,853.0,814.25,850.8499755859375,12504591.0
2026-04-07,848.0,862.7999877929688,844.4500122070312,855.0999755859375,11569047.0
2026-04-08,890.0,926.0,881.0,915.0499877929688,13826150.0
2026-04-09,902.0,913.4000244140625,891.4000244140625,903.25,9457820.0
2026-04-10,915.75,927.2999877929688,912.2999877929688,924.5499877929688,9491544.0
2026-04-13,896.1500244140625,905.9000244140625,881.0999755859375,898.9500122070312,10723313.0
2026-04-15,925.0,925.0,911.0999755859375,913.1500244140625,5975197.0
2026-04-16,919.0,932.5999755859375,904.0,905.9000244140625,11805227.0
2026-04-17,902.1500244140625,910.4500122070312,895.7999877929688,908.25,6035241.0
2026-04-20,908.25,920.9000244140625,898.0,917.75,6184179.0
2026-04-21,919.5,945.9500122070312,919.0,938.8499755859375,6713975.0
2026-04-22,938.0,946.3499755859375,930.1500244140625,934.75,5759028.0
2026-04-23,926.0999755859375,929.8499755859375,909.3499755859375,918.3499755859375,9143598.0
2026-04-24,920.0,924.7000122070312,909.7999877929688,921.5499877929688,3982355.0
2026-04-27,923.0499877929688,928.9500122070312,908.2999877929688,921.7999877929688,7813458.0
2026-04-28,921.7999877929688,929.9000244140625,914.3499755859375,923.6500244140625,7119135.0
2026-04-29,925.0,937.0,916.5999755859375,930.0,5438997.0
2026-04-30,945.0,975.0,933.9000244140625,937.0,27364272.0
2026-05-01,937.0,937.0,937.0,937.0,0.0
2026-05-04,938.0999755859375,966.0,938.0999755859375,950.2000122070312,7503756.0
2026-05-05,950.2000122070312,961.0999755859375,933.1500244140625,958.5999755859375,7290077.0
2026-05-06,965.0,984.0,965.0,980.75,7771237.0
2026-05-07,992.25,992.25,969.0,972.75,7873561.0
2026-05-08,971.0,971.9500122070312,951.0,955.3499755859375,5555386.0
2026-05-11,946.0,956.0,933.5499877929688,936.0499877929688,5581022.0
2026-05-12,928.0,932.6500244140625,901.75,904.2000122070312,7174645.0
2026-05-13,902.0,907.4000244140625,890.0499877929688,896.1500244140625,7422952.0
2026-05-14,902.9000244140625,915.0,889.0,912.1500244140625,6815238.0
2026-05-15,913.0,921.5999755859375,907.3499755859375,910.4500122070312,5012279.0
2026-05-18,900.0,925.0,890.7000122070312,921.0999755859375,6387223.0
2026-05-19,927.5999755859375,930.0,920.0999755859375,923.5499877929688,8313548.0
2026-05-20,910.0,926.2999877929688,908.4500122070312,923.0999755859375,5864990.0
2026-05-21,933.0,934.9000244140625,903.25,907.6500244140625,9713326.0
2026-05-22,908.0999755859375,924.0,908.0999755859375,916.5499877929688,4811990.0
2026-05-25,926.0999755859375,944.0,924.4500122070312,941.9000244140625,7065528.0
2026-05-26,943.9500122070312,948.4000244140625,928.0999755859375,930.2000122070312,8489543.0
2026-05-27,932.0,935.9500122070312,923.0,931.1500244140625,5349669.0
2026-05-28,931.1500244140625,931.1500244140625,931.1500244140625,931.1500244140625,0.0
2026-05-29,915.0999755859375,937.7999877929688,895.2999877929688,908.25,46752428.0
2026-06-01,911.4500122070312,918.0,888.0,889.0499877929688,6887616.0
2026-06-02,874.0,884.4000244140625,860.4500122070312,882.0,15697997.0
2026-06-03,882.0,882.0,863.5,876.7999877929688,14747769.0
2026-06-04,870.2000122070312,879.1500244140625,868.0,874.4000244140625,9676279.0
2026-06-05,874.0,913.0,874.0,889.4000244140625,13274646.0
2026-06-08,873.0,879.4000244140625,866.5,871.0999755859375,6203084.0
2026-06-09,886.0,888.75,872.0999755859375,886.9000244140625,9183355.0
2026-06-10,890.0999755859375,894.7000122070312,880.0999755859375,884.0999755859375,6939714.0
2026-06-11,880.0,886.9500122070312,868.5,870.5499877929688,5191085.0
2026-06-12,881.2000122070312,921.0,881.0999755859375,918.2999877929688,11729668.0
2026-06-15,942.0,959.0,939.0,942.2999877929688,11989428.0
2026-06-16,946.0,963.9000244140625,946.0,959.6500244140625,9335988.0
2026-06-17,955.0999755859375,961.7999877929688,951.5499877929688,958.4000244140625,5682977.0
2026-06-18,958.3499755859375,960.9500122070312,948.0,958.8499755859375,5750456.0
2026-06-19,954.0499877929688,971.7000122070312,953.25,961.7999877929688,12941776.0
2026-06-22,966.0499877929688,972.9500122070312,961.5499877929688,968.2999877929688,5680845.0
2026-06-23,968.2999877929688,977.7000122070312,960.5,962.4000244140625,8202516.0
2026-06-24,952.4000244140625,993.9000244140625,952.4000244140625,990.9500122070312,9873777.0
2026-06-25,996.2000122070312,1005.5999755859375,978.9000244140625,980.4000244140625,12807092.0
2026-06-26,980.4000244140625,980.4000244140625,980.4000244140625,980.4000244140625,0.0
2026-06-29,975.2999877929688,992.2999877929688,975.2999877929688,982.0499877929688,19875760.0
2026-06-30,986.9000244140625,1010.9500122070312,977.7000122070312,1004.75,12445420.0
2026-07-01,1000.4000244140625,1025.4000244140625,998.9000244140625,1014.9000244140625,6834299.0
2026-07-02,994.7000122070312,1025.699951171875,993.4000244140625,1018.4000244140625,8168339.0
2026-07-03,1035.0,1040.0,1017.5999755859375,1031.4000244140625,9399193.0
2026-07-06,1040.0,1040.199951171875,1024.800048828125,1029.0999755859375,4819952.0
2026-07-07,1024.0,1052.9000244140625,1024.0,1042.5,9101171.0
2026-07-08,1025.0,1034.699951171875,1004.0999755859375,1010.4000244140625,8313859.0
2026-07-09,1000.0,1013.5,994.0999755859375,1003.7999877929688,11712515.0
2026-07-10,1010.0999755859375,1023.9000244140625,1004.2000122070312,1020.5,7039305.0
2026-07-13,1014.0,1028.0,1003.7000122070312,1022.5999755859375,4874070.0
2026-07-14,1007.0,1022.0,995.2000122070312,1006.5999755859375,6458393.0
2026-07-15,1006.5999755859375,1037.300048828125,1006.5999755859375,1021.2999877929688,5538356.0
2026-07-16,1024.0,1042.4000244140625,1021.2000122070312,1037.5999755859375,9079076.0
2026-07-17,1044.9000244140625,1058.5,1037.5999755859375,1056.300048828125,12882360.0
2026-07-20,1057.0,1067.699951171875,1038.199951171875,1064.0,9348760.0
2026-07-21,1064.0,1074.4000244140625,1060.9000244140625,1069.199951171875,6970658.0
2026-07-22,1064.0,1070.5999755859375,1056.0999755859375,1060.300048828125,6757716.0
2026-07-23,1053.300048828125,1061.199951171875,1036.5,1039.800048828125,8016651.0
2026-07-24,1027.300048828125,1030.199951171875,1001.2999877929688,1012.7999877929688,18416962.0
2026-07-27,1026.699951171875,1050.0,1026.5999755859375,1048.300048828125,7610916.0
2026-07-28,1049.0,1055.0,1042.4000244140625,1048.4000244140625,4726447.0
2026-07-29,1056.0,1065.9000244140625,1048.4000244140625,1054.4000244140625,6444368.0
2026-07-30,1046.0,1068.0,1035.0999755859375,1053.5,9866564.0
2026-07-31,1095.0,1151.5,1083.5999755859375,1141.199951171875,40814590.0
2026-08-03,1176.300048828125,1176.4000244140625,1140.199951171875,1153.0,13758012.0
2026-08-04,1164.0,1164.0,1139.5,1149.0,9437990.0
2026-08-05,1152.0,1166.0,1145.0999755859375,1158.800048828125,5154683.0
2026-08-06,1155.5,1160.199951171875,1144.5999755859375,1144.800048828125,6472397.0
2026-08-07,1113.0,1113.0,1074.5,1078.0,15614001.0
2026-08-10,1078.0,1106.0999755859375,1070.800048828125,1102.199951171875,7303098.0
2026-08-11,1098.0,1101.5,1086.300048828125,1093.300048828125,6523358.0
2026-08-12,1093.0,1094.699951171875,1080.0,1094.199951171875,7054842.0
2026-08-13,1095.0,1095.300048828125,1083.0,1090.800048828125,2405186.0
2026-08-14,1090.800048828125,1098.5,1085.199951171875,1087.0,4225781.0
2026-08-17,1080.0,1100.4000244140625,1078.800048828125,1089.300048828125,2295675.0
2026-08-18,1088.5999755859375,1100.0,1087.5999755859375,1094.300048828125,3374018.0
2026-08-19,1093.9000244140625,1093.9000244140625,1076.4000244140625,1080.199951171875,2877930.0
2026-08-20,1089.699951171875,1102.300048828125,1086.300048828125,1095.0,6741475.0
2026-08-21,1105.4000244140625,1105.5,1090.5999755859375,1095.0,3042594.0
2026-08-24,1086.0,1094.9000244140625,1076.9000244140625,1077.0,4342556.0
2026-08-25,1077.0,1087.4000244140625,1066.300048828125,1087.4000244140625,2770499.0
2026-08-26,1083.300048828125,1095.0,1082.4000244140625,1085.0,3234877.0
2026-08-27,1090.0,1107.0,1083.0,1083.0,5220239.0
2026-08-28,1065.699951171875,1081.5,1065.699951171875,1079.9000244140625,4554311.0
2026-08-31,1069.4000244140625,1073.0,1052.0,1057.0,7002192.0
2026-09-01,1065.0,1067.0,1047.0,1053.9000244140625,4813301.0
2026-09-02,1044.199951171875,1061.0,1034.800048828125,1055.9000244140625,6234288.0
2026-09-03,1057.0999755859375,1059.699951171875,1043.199951171875,1049.0,6626755.0
2026-09-04,1050.5999755859375,1063.5999755859375,1049.699951171875,1060.5,5952048.0
2026-09-07,1064.0,1070.0,1054.300048828125,1060.0,3586860.0
2026-09-08,1058.800048828125,1059.5999755859375,1050.0,1054.0999755859375,3608327.0
2026-09-09,1045.0999755859375,1060.0999755859375,1038.5,1039.300048828125,9244698.0
2026-09-10,1042.5,1048.699951171875,1036.5,1043.5,3902988.0
2026-09-11,1031.0,1035.0,1015.0999755859375,1034.5,5411299.0
2026-09-14,1034.5,1034.5,1034.5,1034.5,0.0
2026-09-15,1035.0,1038.5999755859375,1005.5,1009.2000122070312,5792124.0
2026-09-16,1010.5,1019.2999877929688,1006.2000122070312,1006.2000122070312,4190272.0
2026-09-17,1010.0,1027.9000244140625,1010.0,1015.0,4816547.0
2026-09-18,1025.9000244140625,1040.300048828125,1019.0999755859375,1040.300048828125,8201656.0
2026-09-21,1035.0,1037.699951171875,1021.2999877929688,1021.2999877929688,4170558.0
2026-09-22,1025.300048828125,1029.199951171875,1005.0,1008.7999877929688,4581750.0
2026-09-23,1034.699951171875,1043.199951171875,1022.0,1043.199951171875,8618523.0
2026-09-24,1005.0,1015.0,974.0,982.0,13385656.0
2026-09-25,982.0,997.2000122070312,980.2000122070312,996.9000244140625,5467794.0
2026-09-28,990.0,992.2999877929688,974.0,985.0,7707443.0
2026-09-29,977.5,979.7000122070312,961.4000244140625,973.7999877929688,8612123.0
2026-09-30,981.5,981.5,955.7999877929688,959.4000244140625,6625616.0
2026-10-01,953.9000244140625,955.9500122070312,937.2999877929688,948.2999877929688,5698769.0
2026-10-02,948.2999877929688,948.2999877929688,948.2999877929688,948.2999877929688,0.0
2026-10-05,962.5499877929688,995.7999877929688,962.5499877929688,970.0,12682669.0
2026-10-06,970.0,973.25,957.0,963.0999755859375,4380406.0
2026-10-07,969.1500244140625,984.4000244140625,952.2999877929688,963.8499755859375,11415155.0
2026-10-08,956.5,962.75,946.2999877929688,955.9500122070312,9366708.0
